[108, 125]
[100, 140]
[124, 156]
[255, 39]
[123, 140]
[160, 182]
[100, 146]
[123, 220]
[177, 7]
[123, 212]
[99, 179]
[124, 154]
[125, 128]
[124, 128]
[99, 188]
[123, 128]
[112, 126]
[124, 147]
[123, 129]
[124, 128]
[100, 158]
[124, 204]
[161, 182]
[100, 160]
[123, 219]
[291, 61]
[221, 116]
[123, 187]
[124, 147]
[124, 141]
[161, 182]
[161, 182]
[123, 214]
[161, 182]
[124, 137]
[124, 187]
[123, 208]
[298, 50]
[123, 206]
[124, 162]
[245, 39]
[281, 130]
[124, 138]
[278, 85]
[123, 158]
[245, 128]
[265, 34]
[247, 141]
[217, 7]
[240, 21]
[123, 136]
[100, 209]
[228, 55]
[99, 175]
[264, 27]
[279, 114]
[101, 218]
[99, 194]
[292, 60]
[275, 87]
[213, 4]
[100, 173]
[123, 128]
[123, 199]
[261, 84]
[305, 56]
[219, 2]
[123, 128]
[246, 79]
[263, 57]
[123, 192]
[260, 140]
[123, 128]
[161, 183]
[256, 202]
[160, 182]
[287, 60]
[123, 140]
[122, 171]
[287, 165]
[161, 181]
[161, 182]
[99, 176]
[124, 188]
[267, 202]
[161, 182]
[287, 59]
[234, 116]
[161, 182]
[276, 83]
[133, 126]
[160, 182]
[123, 162]
[123, 128]
[123, 128]
[286, 61]
[125, 128]
[124, 202]
[285, 112]
[288, 34]
[115, 126]
[109, 125]
[115, 126]
[124, 173]
[243, 29]
[123, 174]
[240, 77]
[123, 153]
[105, 126]
[124, 165]
[243, 78]
[282, 84]
[111, 127]
[199, 113]
[161, 182]
[100, 150]
[289, 57]
[98, 177]
[135, 126]
[276, 83]
[123, 224]
[124, 161]
[89, 223]
[123, 163]
[209, 115]
[247, 79]
[112, 125]
[122, 149]
[294, 58]
[124, 215]
[122, 159]
[161, 182]
[287, 52]
[124, 184]
[203, 1]
[99, 184]
[126, 126]
[161, 182]
[193, 114]
[242, 78]
[133, 127]
[124, 146]
[124, 128]
[123, 127]
[108, 125]
[219, 53]
[263, 39]
[99, 206]
[225, 53]
[124, 136]
[123, 192]
[265, 35]
[209, 0]
[132, 127]
[303, 53]
[263, 32]
[100, 138]
[161, 182]
[271, 126]
[286, 54]
[125, 129]
[124, 128]
[99, 152]
[232, 77]
[161, 182]
[124, 192]
[105, 127]
[267, 216]
[123, 212]
[123, 128]
[259, 55]
[108, 124]
[277, 61]
[124, 128]
[125, 127]
[278, 55]
[264, 164]
[124, 128]
[201, 114]
[124, 128]
[122, 179]
[285, 109]
[114, 126]
[123, 159]
[161, 182]
[226, 22]
[124, 157]
[204, 0]
[108, 126]
[124, 158]
[268, 50]
[283, 84]
[105, 125]
[269, 135]
[100, 163]
[99, 176]
[210, 8]
[122, 127]
[221, 54]
[123, 171]
[125, 128]
[139, 127]
[231, 115]
[125, 128]
[122, 127]
[124, 128]
[124, 127]
[287, 113]
[124, 161]
[99, 203]
[161, 181]
[279, 115]
[243, 27]
[225, 5]
[299, 54]
[123, 153]
[124, 129]
[99, 158]
[278, 59]
[243, 118]
[252, 112]
[108, 124]
[124, 177]
[270, 135]
[100, 160]
[123, 226]
[276, 83]
[276, 50]
[107, 125]
[124, 143]
[90, 202]
[124, 182]
[217, 75]
[123, 128]
[263, 42]
[161, 182]
[123, 127]
[161, 182]
[123, 129]
[101, 150]
[123, 136]
[249, 99]
[123, 168]
[283, 115]
[123, 163]
[124, 143]
[101, 225]
[285, 56]
[98, 176]
[270, 109]
[124, 173]
[132, 127]
[100, 161]
[283, 58]
[114, 125]
[107, 198]
[281, 85]
[135, 126]
[99, 178]
[99, 216]
[161, 182]
[100, 176]
[102, 126]
[98, 141]
[161, 182]
[91, 208]
[124, 128]
[161, 182]
[257, 82]
[282, 84]
[211, 113]
[247, 80]
[247, 80]
[274, 50]
[257, 39]
[123, 155]
[109, 124]
[229, 115]
[112, 126]
[124, 129]
[286, 61]
[124, 129]
[279, 85]
[99, 207]
[101, 140]
[101, 126]
[124, 128]
[123, 129]
[105, 158]
[123, 152]
[276, 83]
[275, 134]
[100, 139]
[249, 108]
[114, 126]
[221, 104]
[108, 126]
[259, 39]
[219, 76]
[91, 174]
[112, 126]
[98, 163]
[246, 117]
[246, 54]
[124, 128]
[112, 126]
[286, 35]
[98, 216]
[275, 57]
[247, 79]
[257, 81]
[247, 119]
[124, 144]
[123, 180]
[109, 126]
[108, 125]
[98, 182]
[235, 78]
[123, 182]
[124, 128]
[100, 161]
[265, 213]
[161, 182]
[265, 130]
[123, 128]
[124, 217]
[237, 118]
[101, 162]
[99, 196]
[123, 218]
[124, 128]
[263, 120]
[98, 210]
[125, 154]
[161, 182]
[98, 191]
[101, 212]
[123, 209]
[126, 132]
[100, 180]
[124, 143]
[161, 182]
[99, 175]
[161, 182]
[124, 153]
[299, 47]
[123, 174]
[99, 186]
[99, 187]
[125, 127]
[123, 195]
[285, 130]
[99, 211]
[124, 129]
[161, 181]
[123, 218]
[123, 128]
[123, 211]
[123, 165]
[125, 151]
[123, 162]
[266, 215]
[298, 53]
[113, 125]
[277, 139]
[114, 126]
[256, 223]
[108, 126]
[123, 153]
[124, 174]
[123, 188]
[283, 54]
[284, 112]
[114, 126]
[298, 61]
[100, 147]
[123, 139]
[101, 125]
[110, 125]
[100, 225]
[122, 127]
[126, 129]
[124, 143]
[142, 127]
[260, 81]
[281, 41]
[123, 127]
[108, 124]
[290, 47]
[123, 215]
[141, 127]
[109, 150]
[269, 34]
[247, 41]
[131, 127]
[254, 203]
[123, 199]
[252, 131]
[99, 146]
[112, 153]
[161, 182]
[200, 113]
[161, 182]
[244, 30]
[124, 128]
[100, 145]
[161, 182]
[124, 144]
[123, 160]
[123, 128]
[161, 182]
[124, 152]
[254, 51]
[124, 146]
[161, 182]
[161, 182]
[107, 125]
[161, 182]
[290, 60]
[136, 127]
[123, 128]
[285, 211]
[123, 129]
[245, 142]
[124, 142]
[266, 82]
[278, 31]
[123, 212]
[123, 194]
[125, 144]
[123, 178]
[102, 211]
[227, 54]
[124, 196]
[101, 125]
[283, 157]
[123, 128]
[242, 26]
[161, 182]
[161, 182]
[123, 167]
[100, 223]
[98, 181]
[100, 173]
[161, 182]
[271, 140]
[251, 23]
[108, 125]
[260, 52]
[290, 41]
[266, 135]
[161, 182]
[276, 55]
[123, 159]
[125, 189]
[124, 141]
[276, 83]
[269, 49]
[110, 124]
[124, 144]
[203, 8]
[123, 128]
[284, 199]
[123, 173]
[137, 127]
[124, 153]
[253, 130]
[124, 127]
[123, 182]
[209, 113]
[99, 201]
[160, 182]
[218, 6]
[258, 39]
[270, 53]
[286, 44]
[122, 127]
[274, 83]
[229, 24]
[99, 145]
[123, 129]
[283, 192]
[100, 222]
[110, 126]
[242, 32]
[99, 215]
[284, 217]
[96, 199]
[113, 125]
[123, 157]
[99, 183]
[277, 39]
[250, 56]
[109, 125]
[123, 173]
[101, 193]
[186, 111]
[161, 182]
[243, 6]
[248, 30]
[108, 125]
[114, 126]
[123, 128]
[194, 1]
[123, 217]
[252, 116]
[125, 127]
[123, 128]
[162, 182]
[132, 127]
[113, 126]
[112, 127]
[101, 196]
[124, 127]
[245, 55]
[124, 194]
[277, 37]
[229, 116]
[122, 161]
[285, 60]
[123, 178]
[161, 182]
[100, 182]
[124, 174]
[161, 182]
[98, 181]
[114, 125]
[265, 81]
[246, 79]
[301, 50]
[226, 22]
[124, 128]
[271, 137]
[124, 129]
[161, 182]
[98, 197]
[122, 128]
[123, 128]
[123, 195]
[123, 175]
[123, 175]
[124, 176]
[124, 176]
[123, 211]
[123, 128]
[161, 182]
[246, 206]
[108, 124]
[101, 162]
[286, 59]
[123, 140]
[123, 153]
[123, 128]
[123, 203]
[233, 25]
[125, 127]
[123, 171]
[114, 126]
[281, 114]
[123, 185]
[138, 127]
[289, 60]
[113, 126]
[123, 219]
[162, 182]
[251, 100]
[124, 137]
[124, 168]
[161, 182]
[123, 129]
[161, 181]
[161, 182]
[90, 195]
[261, 57]
[260, 57]
[161, 182]
[123, 153]
[248, 159]
[123, 127]
[124, 129]
[161, 182]
[276, 59]
[277, 57]
[124, 128]
[230, 22]
[217, 20]
[300, 58]
[243, 26]
[125, 159]
[246, 80]
[161, 182]
[216, 0]
[248, 180]
[100, 225]
[123, 189]
[265, 174]
[281, 56]
[161, 182]
[123, 169]
[247, 116]
[265, 136]
[105, 196]
[123, 155]
[267, 160]
[217, 9]
[124, 145]
[124, 127]
[279, 61]
[212, 114]
[123, 128]
[123, 203]
[123, 157]
[124, 205]
[161, 182]
[244, 54]
[124, 142]
[273, 84]
[99, 193]
[125, 127]
[99, 178]
[123, 154]
[122, 127]
[123, 181]
[261, 39]
[99, 147]
[161, 182]
[110, 125]
[123, 128]
[228, 22]
[161, 182]
[161, 182]
[288, 28]
[123, 182]
[124, 207]
[100, 181]
[105, 140]
[277, 160]
[288, 59]
[107, 124]
[124, 143]
[246, 143]
[161, 181]
[115, 125]
[161, 181]
[161, 182]
[123, 127]
[124, 128]
[124, 172]
[254, 56]
[124, 128]
[286, 44]
[160, 181]
[160, 181]
[124, 156]
[237, 55]
[101, 177]
[100, 159]
[107, 144]
[125, 127]
[266, 142]
[124, 156]
[123, 183]
[278, 84]
[123, 148]
[122, 220]
[124, 154]
[124, 171]
[160, 182]
[160, 182]
[91, 182]
[254, 81]
[100, 218]
[124, 159]
[281, 121]
[161, 182]
[124, 197]
[123, 128]
[100, 206]
[123, 143]
[100, 180]
[123, 217]
[102, 124]
[283, 41]
[138, 128]
[100, 208]
[267, 113]
[101, 208]
[100, 204]
[133, 127]
[99, 182]
[201, 3]
[275, 128]
[123, 179]
[213, 14]
[161, 182]
[290, 57]
[97, 195]
[263, 128]
[143, 128]
[124, 194]
[242, 23]
[124, 128]
[267, 135]
[273, 193]
[161, 182]
[278, 158]
[123, 180]
[124, 128]
[123, 127]
[125, 173]
[290, 49]
[123, 176]
[263, 186]
[162, 182]
[266, 161]
[123, 154]
[161, 181]
[162, 182]
[293, 60]
[282, 220]
[248, 162]
[91, 177]
[270, 184]
[268, 215]
[124, 221]
[113, 126]
[264, 135]
[123, 175]
[258, 207]
[162, 182]
[161, 182]
[161, 182]
[123, 219]
[272, 148]
[123, 209]
[139, 128]
[139, 127]
[161, 182]
[124, 180]
[259, 138]
[161, 182]
[124, 128]
[99, 226]
[161, 182]
[125, 130]
[122, 176]
[100, 196]
[267, 119]
[101, 179]
[124, 128]
[129, 127]
[261, 36]
[160, 182]
[123, 190]
[255, 143]
[285, 218]
[161, 182]
[277, 82]
[247, 81]
[161, 182]
[227, 55]
[124, 130]
[300, 39]
[247, 142]
[247, 141]
[125, 128]
[124, 136]
[212, 8]
[255, 128]
[123, 161]
[235, 117]
[108, 125]
[259, 83]
[101, 160]
[102, 152]
[284, 101]
[113, 125]
[105, 124]
[273, 128]
[203, 1]
[238, 41]
[100, 194]
[100, 161]
[124, 128]
[195, 2]
[108, 126]
[123, 128]
[124, 128]
[139, 126]
[110, 125]
[227, 117]
[122, 209]
[248, 169]
[299, 62]
[161, 182]
[124, 186]
[161, 182]
[124, 224]
[161, 181]
[149, 127]
[161, 182]
[161, 182]
[161, 182]
[268, 150]
[162, 182]
[161, 181]
[161, 182]
[161, 182]
[161, 182]
[124, 208]
[124, 186]
[161, 182]
[161, 181]
[123, 196]
[161, 182]
[161, 182]
[161, 182]
[139, 127]
[161, 182]
[161, 182]
[161, 182]
[161, 182]
[108, 153]
[161, 182]
[100, 162]
[124, 142]
[102, 217]
[108, 206]
[99, 173]
[160, 182]
[124, 141]
[123, 216]
[131, 126]
[262, 129]
[161, 182]
[99, 183]
[161, 182]
[225, 5]
[296, 47]
[124, 194]
[99, 157]
[124, 207]
[100, 156]
[274, 83]
[111, 126]
[100, 190]
[123, 170]
[140, 127]
[122, 213]
[242, 8]
[250, 159]
[124, 137]
[161, 182]
[99, 154]
[161, 182]
[123, 182]
[123, 128]
[268, 201]
[244, 24]
[139, 127]
[99, 219]
[107, 149]
[302, 41]
[161, 182]
[123, 204]
[123, 208]
[109, 148]
[284, 198]
[123, 198]
[264, 58]
[229, 77]
[276, 61]
[124, 174]
[124, 150]
[99, 199]
[197, 0]
[100, 182]
[112, 124]
[123, 158]
[100, 161]
[280, 33]
[124, 174]
[121, 126]
[123, 169]
[286, 48]
[228, 113]
[274, 83]
[247, 79]
[251, 119]
[100, 158]
[123, 177]
[122, 152]
[219, 6]
[123, 128]
[229, 115]
[236, 55]
[278, 83]
[130, 128]
[112, 135]
[122, 128]
[208, 74]
[124, 145]
[122, 153]
[268, 133]
[284, 60]
[100, 134]
[276, 58]
[245, 79]
[99, 177]
[270, 82]
[113, 147]
[209, 114]
[100, 191]
[123, 217]
[134, 128]
[133, 128]
[161, 182]
[161, 181]
[281, 155]
[123, 194]
[134, 128]
[123, 192]
[101, 194]
[123, 180]
[161, 182]
[108, 125]
[244, 22]
[299, 52]
[161, 182]
[99, 191]
[277, 83]
[123, 193]
[301, 33]
[133, 127]
[161, 182]
[161, 181]
[161, 182]
[255, 23]
[98, 175]
[124, 212]
[249, 26]
[124, 128]
[208, 15]
[280, 99]
[216, 30]
[264, 137]
[225, 94]
[286, 95]
[244, 40]
[99, 155]
[245, 116]
[306, 149]
[123, 127]
[305, 44]
[288, 60]
[232, 16]
[244, 43]
[102, 124]
[280, 85]
[109, 124]
[201, 26]
[215, 50]
[276, 96]
[242, 52]
[123, 127]
[274, 84]
[124, 128]
[124, 128]
[273, 26]
[124, 127]
[274, 200]
[107, 126]
[102, 173]
[246, 96]
[233, 110]
[253, 82]
[100, 195]
[246, 141]
[279, 44]
[124, 128]
[253, 113]
[99, 174]
[289, 54]
[257, 129]
[99, 159]
[185, 111]
[113, 125]
[265, 83]
[266, 36]
[124, 129]
[195, 5]
[99, 157]
[124, 127]
[210, 4]
[123, 157]
[202, 7]
[125, 131]
[122, 128]
[294, 60]
[98, 162]
[268, 135]
[100, 214]
[103, 124]
[278, 200]
[124, 128]
[123, 190]
[115, 126]
[124, 129]
[115, 126]
[107, 124]
[133, 128]
[304, 54]
[124, 168]
[114, 126]
[276, 100]
[124, 160]
[278, 83]
[264, 171]
[145, 127]
[267, 83]
[308, 37]
[161, 182]
[160, 182]
[123, 157]
[115, 126]
[123, 217]
[162, 182]
[272, 212]
[238, 117]
[124, 159]
[161, 182]
[123, 141]
[90, 208]
[265, 172]
[125, 128]
[98, 177]
[285, 119]
[123, 176]
[246, 217]
[308, 40]
[161, 182]
[238, 13]
[204, 3]
[161, 183]
[161, 182]
[134, 126]
[111, 125]
[268, 84]
[256, 27]
[124, 155]
[263, 81]
[268, 135]
[293, 47]
[214, 113]
[124, 142]
[124, 159]
[235, 113]
[209, 103]
[263, 82]
[270, 61]
[286, 60]
[284, 85]
[124, 129]
[226, 78]
[100, 151]
[100, 180]
[100, 143]
[217, 112]
[276, 28]
[249, 80]
[246, 103]
[123, 176]
[100, 150]
[124, 127]
[99, 153]
[216, 54]
[122, 160]
[124, 127]
[277, 38]
[99, 144]
[123, 127]
[124, 129]
[101, 125]
[245, 80]
[116, 127]
[115, 126]
[124, 128]
[124, 128]
[124, 127]
[248, 81]
[113, 126]
[304, 142]
[124, 127]
[100, 177]
[123, 161]
[115, 126]
[291, 61]
[281, 37]
[125, 128]
[265, 123]
[124, 146]
[230, 13]
[276, 159]
[123, 195]
[98, 211]
[127, 129]
[125, 129]
[298, 56]
[247, 141]
[124, 129]
[289, 34]
[116, 127]
[98, 207]
[112, 126]
[267, 223]
[307, 47]
[123, 205]
[161, 182]
[101, 125]
[302, 48]
[111, 125]
[124, 129]
[124, 129]
[99, 181]
[125, 129]
[124, 205]
[109, 139]
[246, 133]
[99, 217]
[123, 128]
[270, 195]
[161, 182]
[98, 222]
[124, 128]
[116, 125]
[297, 165]
[123, 156]
[123, 127]
[123, 126]
[99, 149]
[107, 124]
[230, 52]
[212, 96]
[123, 128]
[122, 128]
[248, 107]
[257, 100]
[266, 82]
[123, 127]
[122, 128]
[122, 128]
[123, 128]
[106, 127]
[266, 82]
[116, 126]
[123, 129]
[97, 180]
[123, 127]
[124, 128]
[110, 126]
[99, 142]
[122, 128]
[122, 130]
[99, 178]
[122, 127]
[274, 113]
[122, 129]
[276, 113]
[99, 161]
[278, 85]
[107, 124]
[107, 124]
[123, 128]
[298, 60]
[124, 127]
[266, 83]
[124, 127]
