[178, 168]
[224, 21]
[184, 57]
[181, 96]
[216, 21]
[150, 82]
[179, 163]
[251, 119]
[147, 50]
[251, 119]
[177, 191]
[181, 81]
[258, 24]
[182, 75]
[134, 81]
[147, 176]
[184, 59]
[158, 112]
[147, 82]
[183, 51]
[182, 81]
[182, 100]
[251, 119]
[180, 173]
[183, 75]
[145, 222]
[137, 222]
[184, 52]
[180, 113]
[251, 119]
[180, 157]
[178, 171]
[182, 55]
[184, 77]
[179, 175]
[185, 51]
[182, 93]
[182, 73]
[182, 87]
[251, 119]
[251, 119]
[183, 75]
[183, 88]
[214, 21]
[251, 119]
[179, 169]
[183, 69]
[180, 112]
[206, 21]
[180, 89]
[227, 21]
[182, 80]
[184, 76]
[180, 112]
[181, 159]
[145, 81]
[179, 162]
[184, 96]
[219, 20]
[251, 119]
[180, 113]
[178, 157]
[177, 217]
[137, 71]
[184, 56]
[180, 112]
[180, 90]
[136, 212]
[251, 120]
[136, 81]
[251, 119]
[251, 118]
[183, 100]
[251, 119]
[229, 21]
[251, 119]
[213, 43]
[178, 169]
[217, 20]
[178, 164]
[185, 54]
[178, 176]
[247, 22]
[179, 174]
[145, 63]
[251, 22]
[218, 21]
[251, 119]
[251, 120]
[182, 73]
[251, 119]
[251, 119]
[186, 44]
[183, 56]
[184, 67]
[182, 61]
[139, 206]
[137, 179]
[251, 119]
[183, 87]
[143, 175]
[178, 183]
[182, 52]
[182, 86]
[147, 195]
[182, 90]
[134, 179]
[182, 83]
[225, 22]
[180, 112]
[183, 84]
[145, 181]
[182, 87]
[182, 65]
[182, 91]
[177, 20]
[183, 32]
[160, 111]
[134, 46]
[139, 80]
[185, 66]
[218, 21]
[181, 112]
[216, 21]
[181, 114]
[153, 177]
[218, 21]
[156, 112]
[158, 176]
[129, 201]
[134, 179]
[180, 112]
[108, 212]
[159, 123]
[162, 170]
[130, 189]
[219, 35]
[235, 21]
[137, 60]
[232, 22]
[234, 22]
[180, 113]
[216, 21]
[185, 32]
[185, 44]
[223, 21]
[175, 19]
[182, 80]
[180, 158]
[179, 113]
[211, 21]
[183, 72]
[182, 94]
[251, 119]
[185, 53]
[156, 20]
[182, 92]
[215, 21]
[184, 50]
[181, 112]
[183, 45]
[201, 20]
[180, 113]
[215, 21]
[179, 113]
[204, 19]
[208, 20]
[184, 54]
[112, 199]
[144, 110]
[160, 113]
[180, 114]
[179, 167]
[147, 178]
[184, 50]
[183, 87]
[184, 67]
[217, 21]
[145, 51]
[227, 22]
[200, 19]
[216, 21]
[251, 119]
[177, 113]
[217, 21]
[182, 70]
[206, 21]
[186, 32]
[239, 22]
[157, 112]
[183, 50]
[139, 71]
[179, 164]
[182, 70]
[185, 72]
[251, 119]
[150, 70]
[251, 22]
[251, 119]
[230, 21]
[179, 158]
[217, 20]
[178, 159]
[251, 118]
[157, 159]
[201, 21]
[180, 160]
[232, 22]
[152, 101]
[235, 22]
[178, 172]
[251, 119]
[186, 56]
[251, 119]
[185, 40]
[178, 170]
[182, 93]
[182, 75]
[178, 113]
[179, 168]
[217, 21]
[252, 119]
[164, 176]
[185, 46]
[178, 111]
[185, 57]
[179, 113]
[137, 77]
[181, 113]
[251, 120]
[179, 143]
[181, 88]
[178, 176]
[183, 86]
[123, 76]
[227, 21]
[180, 95]
[185, 72]
[214, 20]
[145, 168]
[141, 206]
[181, 93]
[136, 178]
[180, 157]
[179, 144]
[180, 113]
[183, 48]
[150, 196]
[176, 173]
[122, 93]
[183, 74]
[180, 113]
[225, 21]
[141, 182]
[183, 75]
[251, 119]
[229, 22]
[122, 64]
[183, 53]
[178, 158]
[178, 158]
[182, 93]
[217, 21]
[130, 74]
[179, 113]
[154, 177]
[182, 77]
[144, 198]
[180, 112]
[180, 145]
[122, 88]
[122, 69]
[182, 75]
[121, 208]
[212, 21]
[183, 75]
[184, 47]
[180, 125]
[202, 32]
[180, 113]
[183, 34]
[184, 56]
[180, 112]
[179, 112]
[180, 113]
[180, 112]
[122, 161]
[204, 20]
[152, 112]
[224, 22]
[185, 58]
[183, 50]
[179, 144]
[184, 47]
[193, 20]
[175, 19]
[122, 207]
[143, 45]
[197, 20]
[220, 22]
[180, 125]
[184, 51]
[196, 21]
[177, 20]
[177, 114]
[144, 167]
[179, 145]
[135, 201]
[216, 21]
[180, 20]
[110, 198]
[179, 124]
[183, 33]
[182, 20]
[179, 146]
[215, 21]
[181, 33]
[179, 114]
[117, 204]
[182, 93]
[195, 20]
[121, 216]
[178, 176]
[251, 119]
[171, 96]
[122, 211]
[216, 20]
[183, 60]
[185, 61]
[200, 22]
[182, 103]
[251, 119]
[180, 112]
[144, 51]
[184, 58]
[182, 100]
[214, 21]
[183, 62]
[251, 119]
[178, 187]
[224, 22]
[154, 176]
[152, 54]
[140, 195]
[141, 181]
[183, 48]
[180, 113]
[216, 21]
[185, 34]
[135, 94]
[184, 33]
[206, 21]
[196, 21]
[115, 206]
[217, 21]
[178, 113]
[183, 33]
[183, 34]
[179, 145]
[200, 20]
[157, 114]
[133, 186]
[199, 20]
[145, 174]
[216, 20]
[183, 33]
[215, 21]
[179, 21]
[179, 114]
[119, 208]
[120, 193]
[160, 32]
[184, 33]
[185, 33]
[194, 21]
[222, 22]
[176, 20]
[203, 21]
[214, 23]
[137, 32]
[178, 125]
[183, 35]
[185, 33]
[168, 32]
[156, 31]
[184, 35]
[166, 32]
[185, 33]
[183, 33]
[183, 34]
[179, 124]
[124, 167]
[184, 36]
[178, 126]
[184, 49]
[110, 164]
[177, 21]
[146, 32]
[158, 20]
[180, 113]
[163, 31]
[183, 33]
[182, 34]
[184, 33]
[173, 20]
[158, 125]
[179, 125]
[211, 21]
[162, 111]
[159, 124]
[185, 34]
[185, 60]
[183, 21]
[204, 21]
[180, 20]
[119, 73]
[144, 47]
[225, 22]
[121, 189]
[138, 93]
[219, 21]
[196, 21]
[179, 146]
[162, 19]
[110, 194]
[123, 201]
[153, 46]
[184, 54]
[122, 60]
[251, 119]
[180, 113]
[180, 113]
[180, 114]
[185, 55]
[251, 119]
[181, 113]
[180, 171]
[198, 20]
[160, 112]
[184, 56]
[223, 21]
[137, 63]
[249, 22]
[216, 21]
[215, 20]
[218, 21]
[110, 216]
[185, 48]
[179, 165]
[186, 62]
[184, 62]
[148, 50]
[153, 112]
[184, 48]
[249, 22]
[167, 161]
[181, 113]
[232, 22]
[203, 22]
[152, 98]
[184, 71]
[133, 96]
[186, 53]
[180, 113]
[131, 201]
[183, 76]
[161, 173]
[140, 175]
[214, 21]
[180, 113]
[184, 55]
[185, 72]
[184, 47]
[249, 23]
[143, 88]
[121, 64]
[181, 114]
[137, 90]
[185, 53]
[197, 19]
[225, 21]
[179, 114]
[180, 159]
[223, 21]
[181, 113]
[153, 101]
[181, 113]
[180, 85]
[221, 21]
[180, 170]
[179, 158]
[181, 83]
[142, 72]
[183, 94]
[180, 113]
[183, 94]
[182, 82]
[260, 24]
[154, 96]
[179, 159]
[251, 119]
[158, 111]
[199, 21]
[134, 53]
[132, 68]
[250, 119]
[184, 84]
[210, 21]
[159, 112]
[149, 61]
[181, 91]
[182, 73]
[180, 92]
[247, 23]
[130, 83]
[223, 22]
[181, 113]
[182, 77]
[183, 75]
[218, 20]
[251, 120]
[211, 33]
[184, 59]
[119, 218]
[181, 89]
[182, 78]
[183, 47]
[180, 114]
[236, 22]
[164, 84]
[186, 50]
[250, 23]
[140, 164]
[228, 21]
[251, 22]
[180, 114]
[179, 174]
[184, 93]
[236, 22]
[180, 112]
[251, 119]
[121, 64]
[230, 22]
[183, 52]
[224, 21]
[183, 52]
[121, 57]
[235, 21]
[141, 204]
[122, 56]
[181, 113]
[179, 113]
[153, 101]
[249, 23]
[232, 22]
[142, 80]
[183, 51]
[137, 185]
[147, 62]
[129, 215]
[251, 119]
[160, 51]
[185, 46]
[203, 21]
[110, 212]
[144, 67]
[158, 113]
[183, 76]
[185, 63]
[179, 113]
[202, 35]
[251, 119]
[183, 81]
[238, 22]
[141, 178]
[181, 112]
[179, 187]
[251, 119]
[202, 20]
[179, 113]
[191, 47]
[140, 186]
[152, 101]
[115, 196]
[180, 178]
[184, 60]
[156, 56]
[181, 113]
[155, 79]
[180, 112]
[158, 49]
[207, 19]
[123, 201]
[183, 73]
[251, 119]
[183, 20]
[228, 21]
[184, 52]
[180, 114]
[139, 70]
[111, 221]
[145, 50]
[183, 77]
[177, 160]
[218, 21]
[182, 79]
[251, 120]
[220, 20]
[179, 113]
[125, 67]
[186, 48]
[225, 21]
[124, 204]
[156, 166]
[136, 198]
[112, 218]
[181, 88]
[180, 113]
[185, 55]
[178, 166]
[215, 21]
[184, 68]
[126, 221]
[181, 113]
[182, 96]
[119, 82]
[184, 53]
[133, 183]
[134, 197]
[251, 120]
[215, 20]
[184, 41]
[202, 21]
[183, 70]
[159, 167]
[218, 21]
[185, 53]
[248, 22]
[227, 22]
[181, 113]
[182, 113]
[244, 23]
[159, 112]
[159, 113]
[216, 21]
[119, 211]
[184, 48]
[180, 113]
[146, 178]
[227, 22]
[164, 60]
[123, 189]
[178, 113]
[184, 52]
[163, 53]
[183, 52]
[251, 119]
[184, 83]
[249, 22]
[152, 94]
[182, 81]
[184, 58]
[229, 21]
[123, 65]
[182, 83]
[117, 212]
[182, 77]
[145, 165]
[158, 177]
[238, 22]
[181, 91]
[179, 113]
[142, 161]
[251, 119]
[246, 22]
[184, 51]
[179, 113]
[234, 22]
[218, 22]
[121, 200]
[182, 77]
[135, 198]
[134, 79]
[201, 20]
[179, 112]
[179, 112]
[123, 75]
[251, 119]
[251, 119]
[185, 55]
[183, 55]
[138, 179]
[185, 48]
[140, 208]
[184, 51]
[185, 44]
[246, 23]
[148, 93]
[217, 22]
[180, 124]
[178, 113]
[217, 21]
[184, 52]
[178, 112]
[203, 21]
[108, 204]
[180, 112]
[249, 23]
[200, 20]
[172, 113]
[183, 49]
[179, 113]
[221, 21]
[123, 222]
[182, 114]
[180, 113]
[180, 113]
[251, 119]
[182, 66]
[181, 80]
[124, 92]
[181, 113]
[147, 166]
[177, 171]
[122, 219]
[180, 112]
[180, 165]
[109, 213]
[133, 51]
[133, 200]
[179, 95]
[180, 113]
[206, 20]
[183, 52]
[218, 21]
[229, 22]
[186, 33]
[205, 21]
[143, 95]
[248, 22]
[158, 112]
[228, 21]
[149, 180]
[183, 82]
[226, 22]
[132, 93]
[179, 174]
[215, 20]
[236, 23]
[229, 22]
[184, 52]
[235, 22]
[182, 59]
[183, 63]
[180, 125]
[186, 58]
[186, 55]
[180, 114]
[181, 164]
[251, 119]
[183, 33]
[227, 22]
[126, 207]
[184, 70]
[179, 114]
[247, 23]
[179, 113]
[136, 166]
[251, 119]
[126, 222]
[180, 113]
[179, 114]
[184, 73]
[222, 21]
[185, 33]
[145, 168]
[194, 20]
[229, 22]
[122, 186]
[126, 197]
[148, 69]
[180, 171]
[228, 21]
[185, 50]
[234, 21]
[194, 33]
[251, 119]
[227, 21]
[180, 112]
[180, 113]
[140, 94]
[158, 112]
[226, 21]
[141, 161]
[131, 97]
[181, 114]
[122, 70]
[184, 55]
[120, 199]
[187, 44]
[159, 113]
[183, 54]
[183, 58]
[217, 21]
[218, 21]
[182, 66]
[251, 120]
[184, 55]
[180, 113]
[179, 113]
[153, 179]
[179, 167]
[200, 20]
[201, 48]
[145, 59]
[146, 81]
[185, 46]
[140, 182]
[251, 119]
[181, 125]
[182, 84]
[180, 113]
[183, 57]
[185, 60]
[154, 196]
[177, 173]
[134, 98]
[218, 21]
[251, 119]
[131, 68]
[222, 21]
[217, 21]
[121, 173]
[220, 22]
[157, 97]
[182, 98]
[252, 23]
[204, 20]
[183, 65]
[178, 114]
[179, 145]
[122, 205]
[179, 125]
[184, 76]
[181, 112]
[146, 89]
[179, 175]
[182, 66]
[181, 112]
[221, 21]
[180, 89]
[184, 69]
[181, 114]
[158, 112]
[251, 119]
[217, 21]
[150, 191]
[162, 158]
[247, 22]
[180, 70]
[222, 20]
[237, 22]
[134, 187]
[138, 98]
[184, 58]
[183, 88]
[186, 59]
[133, 64]
[126, 199]
[162, 112]
[216, 22]
[179, 113]
[160, 114]
[181, 79]
[181, 114]
[121, 96]
[251, 119]
[110, 213]
[122, 64]
[178, 113]
[182, 87]
[251, 119]
[234, 22]
[225, 22]
[215, 21]
[180, 114]
[205, 34]
[160, 113]
[182, 67]
[132, 195]
[235, 22]
[138, 81]
[219, 21]
[228, 21]
[138, 169]
[185, 76]
[184, 77]
[179, 113]
[188, 20]
[215, 22]
[179, 113]
[183, 74]
[180, 113]
[184, 73]
[183, 49]
[219, 20]
[121, 208]
[144, 60]
[179, 169]
[179, 113]
[250, 23]
[179, 144]
[159, 112]
[109, 219]
[160, 53]
[182, 64]
[217, 21]
[158, 112]
[251, 119]
[218, 21]
[220, 20]
[251, 119]
[155, 49]
[121, 215]
[184, 50]
[143, 173]
[207, 21]
[179, 113]
[183, 43]
[131, 167]
[158, 113]
[114, 199]
[111, 189]
[178, 165]
[155, 112]
[180, 113]
[129, 72]
[178, 159]
[111, 211]
[202, 20]
[181, 86]
[138, 200]
[124, 187]
[178, 172]
[223, 22]
[160, 43]
[184, 53]
[144, 165]
[220, 21]
[206, 22]
[134, 175]
[181, 113]
[183, 78]
[124, 172]
[179, 113]
[237, 22]
[143, 207]
[179, 113]
[182, 90]
[131, 176]
[200, 21]
[182, 92]
[112, 223]
[177, 113]
[229, 22]
[183, 20]
[183, 76]
[134, 195]
[132, 184]
[144, 196]
[182, 95]
[179, 161]
[227, 22]
[184, 55]
[180, 124]
[179, 113]
[199, 21]
[182, 66]
[178, 124]
[181, 113]
[109, 217]
[180, 113]
[186, 40]
[251, 119]
[118, 223]
[201, 20]
[185, 49]
[178, 113]
[214, 22]
[185, 56]
[129, 189]
[249, 22]
[180, 113]
[200, 21]
[158, 112]
[185, 53]
[181, 96]
[184, 52]
[238, 22]
[183, 64]
[109, 207]
[179, 114]
[217, 22]
[234, 22]
[229, 21]
[151, 174]
[165, 46]
[145, 83]
[136, 188]
[244, 23]
[183, 74]
[120, 210]
[147, 70]
[216, 21]
[185, 56]
[179, 125]
[178, 172]
[183, 79]
[183, 82]
[180, 113]
[181, 113]
[185, 51]
[108, 211]
[215, 21]
[232, 21]
[217, 22]
[230, 21]
[182, 47]
[233, 22]
[184, 66]
[219, 21]
[181, 112]
[182, 113]
[163, 47]
[183, 72]
[107, 219]
[185, 33]
[181, 88]
[122, 210]
[160, 113]
[183, 72]
[182, 65]
[171, 114]
[250, 24]
[248, 23]
[182, 63]
[225, 21]
[146, 80]
[152, 111]
[234, 22]
[177, 20]
[183, 46]
[141, 60]
[159, 112]
[160, 112]
[182, 84]
[108, 201]
[122, 59]
[185, 58]
[184, 47]
[160, 112]
[163, 166]
[222, 22]
[184, 53]
[184, 75]
[201, 21]
[180, 114]
[182, 86]
[220, 21]
[159, 114]
[160, 112]
[182, 57]
[179, 114]
[205, 33]
[179, 173]
[179, 159]
[181, 113]
[216, 21]
[108, 203]
[185, 62]
[180, 112]
[184, 64]
[122, 220]
[120, 199]
[135, 60]
[180, 112]
[179, 161]
[124, 217]
[124, 211]
[185, 45]
[227, 22]
[184, 80]
[181, 100]
[121, 173]
[189, 20]
[249, 23]
[183, 75]
[181, 158]
[251, 119]
[182, 90]
[132, 167]
[143, 197]
[123, 80]
[250, 23]
[233, 22]
[224, 22]
[180, 144]
[183, 101]
[131, 72]
[181, 113]
[112, 216]
[195, 20]
[183, 59]
[182, 48]
[146, 162]
[145, 67]
[179, 113]
[156, 79]
[184, 53]
[186, 47]
[163, 112]
[184, 69]
[185, 68]
[196, 19]
[177, 173]
[143, 198]
[181, 113]
[184, 51]
[184, 57]
[183, 65]
[123, 199]
[179, 112]
[238, 21]
[215, 22]
[180, 112]
[182, 75]
[111, 203]
[180, 157]
[243, 22]
[160, 112]
[219, 20]
[251, 119]
[179, 159]
[181, 113]
[182, 89]
[146, 95]
[185, 50]
[184, 43]
[184, 78]
[204, 20]
[160, 111]
[184, 54]
[127, 66]
[184, 51]
[223, 21]
[182, 61]
[184, 52]
[159, 112]
[115, 207]
[184, 48]
[180, 113]
[156, 167]
[219, 21]
[184, 61]
[184, 34]
[143, 177]
[156, 159]
[136, 69]
[212, 21]
[184, 48]
[179, 113]
[143, 92]
[200, 21]
[184, 35]
[109, 215]
[234, 22]
[213, 22]
[181, 113]
[178, 145]
[223, 22]
[201, 20]
[178, 160]
[179, 113]
[214, 21]
[112, 214]
[108, 199]
[235, 22]
[185, 52]
[179, 113]
[179, 113]
[180, 112]
[183, 60]
[217, 21]
[234, 22]
[184, 63]
[179, 113]
[228, 22]
[232, 21]
[200, 21]
[185, 47]
[184, 59]
[152, 174]
[182, 69]
[180, 113]
[107, 213]
[179, 113]
[180, 114]
[234, 21]
[194, 20]
[112, 220]
[216, 21]
[215, 22]
[222, 21]
[180, 113]
[138, 197]
[234, 22]
[180, 113]
[154, 111]
[183, 56]
[219, 22]
[179, 114]
[249, 22]
[251, 119]
[151, 49]
[181, 125]
[159, 111]
[200, 20]
[184, 63]
[184, 42]
[184, 79]
[237, 22]
[122, 208]
[233, 21]
[180, 113]
[180, 113]
[179, 113]
[134, 163]
[180, 113]
[182, 56]
[164, 46]
[184, 51]
[184, 65]
[180, 19]
[187, 46]
[124, 206]
[137, 78]
[183, 63]
[239, 22]
[110, 209]
[150, 64]
[185, 45]
[120, 92]
[164, 19]
[112, 214]
[181, 113]
[182, 90]
[215, 22]
[122, 200]
[181, 113]
[249, 23]
[179, 113]
[227, 22]
[180, 114]
[182, 33]
[180, 113]
[180, 114]
[160, 112]
[143, 172]
[126, 97]
[147, 162]
[142, 88]
[180, 114]
[126, 180]
[143, 84]
[184, 46]
[181, 114]
[180, 113]
[159, 113]
[167, 19]
[110, 206]
[146, 181]
[217, 21]
[125, 167]
[179, 113]
[120, 217]
[195, 20]
[180, 113]
[223, 22]
[142, 80]
[235, 23]
[149, 173]
[201, 20]
[123, 205]
[183, 65]
[120, 199]
[156, 19]
[166, 51]
[109, 210]
[215, 22]
[202, 21]
[180, 113]
[134, 182]
[121, 68]
[181, 144]
[179, 125]
[216, 22]
[153, 56]
[184, 43]
[161, 113]
[216, 22]
[180, 171]
[147, 55]
[185, 55]
[113, 211]
[178, 144]
[200, 20]
[123, 175]
[176, 113]
[183, 83]
[119, 161]
[185, 45]
[147, 161]
[213, 21]
[159, 112]
[215, 21]
[184, 48]
[180, 113]
[133, 182]
[247, 23]
[180, 114]
[126, 208]
[110, 213]
[132, 215]
[180, 112]
[135, 53]
[180, 114]
[183, 63]
[167, 78]
[185, 48]
[184, 80]
[206, 21]
[148, 92]
[152, 174]
[204, 20]
[241, 23]
[185, 55]
[186, 33]
[251, 23]
[182, 70]
[183, 55]
[198, 21]
[158, 57]
[128, 70]
[247, 23]
[179, 113]
[108, 223]
[180, 113]
[184, 76]
[179, 160]
[108, 221]
