[270, 122]
[194, 147]
[210, 142]
[238, 116]
[194, 151]
[194, 151]
[286, 137]
[286, 137]
[252, 116]
[252, 116]
[270, 129]
[270, 129]
[270, 129]
[210, 145]
[210, 145]
[270, 130]
[270, 130]
[270, 129]
[270, 129]
[270, 124]
[270, 124]
[210, 146]
[210, 148]
[210, 148]
[210, 148]
[210, 148]
[270, 124]
[270, 128]
[270, 128]
[193, 149]
[193, 149]
[270, 130]
[270, 130]
[210, 141]
[210, 141]
[270, 130]
[270, 130]
[270, 130]
[270, 130]
[270, 130]
[270, 130]
[270, 130]
[270, 124]
[270, 124]
[270, 131]
[270, 131]
[270, 131]
[270, 131]
[270, 131]
[270, 129]
[270, 129]
[270, 132]
[270, 132]
[270, 132]
[270, 128]
[270, 128]
[270, 131]
[270, 131]
[193, 149]
[193, 149]
[270, 129]
[270, 128]
[270, 128]
[210, 144]
[210, 144]
[210, 145]
[210, 145]
[210, 144]
[210, 144]
[210, 145]
[210, 145]
[287, 136]
[210, 145]
[210, 146]
[287, 137]
[287, 137]
[270, 129]
[270, 129]
[270, 129]
[270, 129]
[270, 129]
[270, 129]
[270, 129]
[270, 129]
[270, 130]
[270, 130]
[270, 131]
[270, 131]
[270, 131]
[270, 131]
[270, 131]
[270, 131]
[270, 122]
[270, 122]
[270, 122]
[270, 122]
[210, 146]
[270, 123]
[270, 123]
[210, 146]
[210, 146]
[209, 145]
[270, 129]
[270, 129]
[270, 129]
[270, 129]
[270, 129]
[270, 129]
[270, 129]
[270, 128]
[270, 128]
[270, 127]
[270, 127]
[271, 168]
[271, 168]
[271, 168]
[271, 168]
[271, 168]
[271, 168]
[271, 168]
[271, 168]
[271, 168]
[271, 168]
[271, 168]
[271, 168]
[271, 168]
[271, 169]
[271, 168]
[271, 168]
[271, 168]
[271, 168]
[271, 168]
[271, 168]
[271, 160]
[271, 159]
[271, 159]
[271, 165]
[271, 165]
[271, 165]
[271, 165]
[271, 165]
[271, 165]
[271, 165]
[271, 165]
[213, 206]
[271, 165]
[271, 165]
[270, 166]
[270, 166]
[213, 196]
[213, 196]
[271, 162]
[271, 168]
[271, 168]
[271, 163]
[271, 163]
[271, 168]
[271, 168]
[271, 168]
[271, 169]
[271, 169]
[271, 167]
[271, 167]
[197, 206]
[197, 206]
[271, 175]
[271, 175]
[271, 164]
[271, 175]
[271, 175]
[271, 175]
[271, 175]
[271, 171]
[271, 171]
[271, 171]
[271, 171]
[271, 164]
[271, 164]
[271, 164]
[212, 191]
[212, 191]
[213, 206]
[267, 113]
[267, 113]
[267, 113]
[267, 113]
[267, 113]
[267, 113]
[267, 113]
[267, 113]
[267, 113]
[267, 113]
[267, 113]
[267, 113]
[267, 113]
[267, 113]
[267, 113]
[267, 112]
[267, 112]
[267, 113]
[267, 113]
[267, 113]
[267, 113]
[267, 113]
[267, 113]
[267, 113]
[267, 113]
[267, 113]
[267, 113]
[267, 113]
[267, 113]
[267, 110]
[267, 110]
[267, 109]
[267, 109]
[267, 110]
[267, 113]
[267, 113]
[267, 112]
[267, 112]
[267, 113]
[267, 113]
[267, 113]
[267, 113]
[267, 113]
[267, 113]
[267, 113]
[267, 114]
[267, 114]
[267, 113]
[267, 113]
[267, 112]
[267, 115]
[267, 115]
[267, 112]
[267, 112]
[267, 113]
[267, 113]
[267, 115]
[267, 115]
[267, 112]
[267, 112]
[267, 112]
[267, 115]
[267, 115]
[267, 113]
[267, 113]
[267, 112]
[267, 112]
[267, 112]
[267, 112]
[267, 112]
[267, 112]
[267, 112]
[267, 112]
[267, 112]
[267, 113]
[267, 112]
[267, 112]
[267, 112]
[267, 112]
[267, 112]
[267, 112]
[267, 111]
[267, 112]
[267, 112]
[267, 113]
[267, 113]
[267, 113]
[267, 113]
[267, 114]
[267, 114]
[267, 114]
[267, 114]
[267, 113]
[267, 113]
[267, 115]
[267, 116]
[267, 116]
[267, 113]
[267, 114]
[267, 114]
[267, 113]
[267, 113]
[267, 115]
[267, 115]
[267, 113]
[267, 113]
[267, 112]
[267, 113]
[267, 113]
[267, 113]
[267, 113]
[267, 113]
[267, 113]
[267, 113]
[267, 113]
[267, 113]
[267, 113]
[267, 111]
[267, 113]
[267, 113]
[267, 113]
[267, 113]
[267, 112]
[267, 112]
[267, 112]
[267, 115]
[267, 115]
[267, 112]
[267, 112]
[267, 113]
[267, 113]
[267, 112]
[267, 114]
[267, 114]
[284, 115]
[284, 115]
[267, 116]
[267, 116]
[267, 116]
[267, 116]
[267, 115]
[267, 115]
[267, 114]
[267, 111]
[267, 111]
[267, 112]
[267, 112]
[267, 112]
[267, 112]
[267, 115]
[267, 111]
[267, 111]
[267, 114]
[267, 114]
[267, 113]
[267, 113]
[267, 114]
[267, 113]
[267, 113]
[267, 113]
[267, 113]
[267, 112]
[267, 112]
[267, 112]
[267, 112]
[267, 112]
[267, 112]
[267, 112]
[267, 111]
[267, 111]
[267, 113]
[267, 113]
[267, 113]
[267, 113]
[267, 114]
[267, 115]
[267, 115]
[267, 113]
[267, 113]
[267, 115]
[267, 115]
[267, 113]
[267, 113]
[267, 113]
[267, 113]
[267, 113]
[267, 113]
[267, 113]
[267, 114]
[267, 114]
[267, 113]
[267, 116]
[267, 116]
[267, 116]
[267, 116]
[267, 113]
[267, 113]
[267, 113]
[267, 113]
[267, 113]
[267, 113]
[267, 113]
[267, 113]
[267, 113]
[267, 112]
[267, 113]
[267, 113]
[267, 114]
[267, 114]
[267, 113]
[267, 113]
[267, 112]
[267, 112]
[267, 115]
[267, 115]
[267, 115]
[267, 114]
[267, 114]
[267, 114]
[267, 114]
[267, 116]
[267, 116]
[267, 115]
[267, 115]
[267, 116]
[267, 109]
[267, 109]
[267, 113]
[267, 113]
[267, 113]
[267, 114]
[267, 114]
[267, 113]
[267, 113]
[267, 113]
[267, 113]
[267, 113]
[267, 113]
[267, 112]
[267, 112]
[267, 112]
[267, 112]
[267, 112]
[267, 113]
[267, 113]
[267, 113]
[267, 113]
[267, 113]
[267, 113]
[267, 113]
[267, 113]
[267, 113]
[267, 115]
[267, 115]
[267, 114]
[267, 112]
[267, 112]
[267, 112]
[267, 112]
[267, 113]
[267, 113]
[267, 113]
[267, 113]
[267, 113]
[267, 114]
[267, 114]
[267, 113]
[267, 113]
[267, 112]
[267, 112]
[267, 114]
[267, 114]
[267, 112]
[267, 112]
[267, 113]
[267, 113]
[267, 113]
[267, 113]
[267, 113]
[267, 113]
[267, 112]
[267, 112]
[267, 111]
[267, 111]
[267, 112]
[267, 112]
[267, 113]
[267, 114]
[267, 114]
[267, 115]
[267, 115]
[267, 111]
[267, 111]
[267, 113]
[267, 113]
[267, 112]
[267, 112]
[267, 111]
[267, 112]
[267, 112]
[267, 112]
[267, 113]
[267, 112]
[267, 112]
[267, 112]
[267, 112]
[267, 112]
[267, 112]
[267, 112]
[267, 112]
[267, 112]
[267, 112]
[267, 110]
[267, 110]
[267, 112]
[267, 112]
[267, 110]
[267, 110]
[267, 109]
[267, 109]
[267, 113]
[267, 113]
[267, 109]
[267, 112]
[267, 112]
[267, 112]
[267, 112]
[267, 109]
[267, 109]
[267, 112]
[267, 113]
[267, 113]
[267, 113]
[267, 113]
[267, 112]
[267, 112]
[267, 112]
[267, 111]
[267, 111]
[267, 112]
[267, 112]
[267, 111]
[267, 111]
[267, 110]
[267, 110]
[267, 112]
[267, 111]
[267, 111]
[267, 112]
[267, 112]
[267, 113]
[267, 113]
[267, 112]
[267, 112]
[267, 113]
[267, 112]
[267, 112]
[267, 114]
[267, 114]
[267, 113]
[267, 113]
[267, 115]
[267, 113]
[267, 113]
[267, 116]
[267, 116]
[267, 115]
[267, 115]
[267, 115]
[267, 115]
[267, 114]
[267, 115]
[267, 115]
[267, 116]
[267, 116]
[267, 116]
[267, 116]
[267, 115]
[267, 115]
[267, 113]
[267, 113]
[267, 113]
[267, 113]
[267, 113]
[267, 113]
[267, 113]
[267, 112]
[267, 115]
[267, 115]
[267, 114]
[267, 114]
[267, 114]
[267, 114]
[267, 115]
[267, 114]
[267, 114]
[267, 113]
[267, 113]
[267, 113]
[267, 113]
[267, 113]
[267, 113]
[267, 113]
[267, 113]
[267, 113]
[267, 113]
[267, 113]
[267, 113]
[267, 113]
[267, 113]
[267, 113]
[267, 113]
[267, 113]
[267, 113]
[267, 113]
[267, 113]
[267, 113]
[267, 113]
[267, 113]
[267, 112]
[267, 112]
[267, 112]
[267, 112]
[267, 112]
[267, 112]
[267, 113]
[267, 113]
[267, 113]
[267, 113]
[267, 110]
[267, 113]
[267, 113]
[267, 113]
[267, 113]
[267, 113]
[267, 110]
[267, 110]
[267, 112]
[267, 112]
[267, 113]
[267, 113]
[267, 113]
[267, 113]
[267, 113]
[267, 113]
[267, 113]
[267, 113]
[267, 113]
[267, 113]
[267, 113]
[267, 112]
[267, 113]
[267, 112]
[267, 112]
[267, 112]
[267, 113]
[267, 113]
[267, 112]
[267, 112]
[267, 112]
[267, 112]
[267, 112]
[267, 112]
[267, 112]
[267, 112]
[267, 112]
[267, 113]
[267, 112]
[267, 112]
[267, 113]
[267, 113]
[267, 113]
[267, 113]
[267, 112]
[267, 112]
[267, 113]
[267, 113]
[267, 113]
[267, 113]
[267, 113]
[267, 113]
[267, 113]
[267, 114]
[267, 114]
[267, 112]
[267, 114]
[267, 114]
[267, 112]
[267, 112]
[267, 110]
[267, 110]
[267, 115]
[267, 113]
[267, 113]
[267, 113]
[267, 113]
[267, 112]
[267, 112]
[267, 113]
[267, 113]
[267, 112]
[267, 112]
[267, 113]
[267, 113]
[267, 113]
[267, 112]
[267, 112]
[267, 112]
[267, 112]
[267, 113]
[267, 112]
[267, 112]
[267, 112]
[267, 112]
[267, 112]
[267, 112]
[267, 114]
[267, 115]
[267, 115]
[267, 114]
[267, 114]
[267, 113]
[267, 113]
[267, 115]
[267, 115]
[267, 113]
[267, 116]
[267, 116]
[267, 113]
[267, 113]
[267, 113]
[267, 113]
[267, 115]
[267, 115]
[267, 114]
[267, 113]
[267, 113]
[267, 112]
[267, 112]
[267, 113]
[267, 113]
[267, 113]
[267, 113]
[267, 113]
[267, 112]
[267, 112]
[267, 112]
[267, 112]
[267, 112]
[267, 112]
[267, 112]
[267, 113]
[267, 113]
[267, 112]
[267, 112]
[267, 112]
[267, 112]
[267, 113]
[267, 113]
[267, 112]
[267, 112]
[267, 112]
[267, 112]
[267, 112]
[267, 112]
[267, 112]
[267, 112]
[267, 112]
[267, 112]
[267, 114]
[267, 114]
[267, 113]
[267, 113]
[267, 114]
[267, 114]
[267, 114]
[267, 115]
[267, 115]
[267, 113]
[267, 113]
[267, 113]
[267, 113]
[267, 113]
[267, 113]
[267, 112]
[267, 112]
[267, 112]
[267, 114]
[267, 114]
[267, 115]
[267, 114]
[267, 114]
[267, 115]
[267, 115]
[267, 112]
[267, 112]
[267, 115]
[267, 115]
[267, 115]
[267, 114]
[267, 114]
[267, 115]
[267, 115]
[267, 115]
[267, 115]
[267, 115]
[267, 115]
[267, 115]
[267, 115]
[267, 115]
[267, 115]
[267, 115]
[267, 112]
[267, 112]
[267, 112]
[267, 116]
[267, 116]
[267, 113]
[267, 113]
[283, 115]
[283, 115]
[267, 113]
[267, 113]
[267, 113]
[267, 113]
[267, 113]
[267, 112]
[267, 112]
[267, 112]
[267, 112]
[267, 112]
[267, 112]
[267, 112]
[267, 112]
[267, 113]
[267, 113]
[267, 113]
[267, 113]
[267, 113]
[267, 113]
[267, 113]
[267, 112]
[267, 113]
[267, 113]
[267, 113]
[267, 113]
[267, 113]
[267, 113]
[267, 113]
[267, 112]
[267, 112]
[267, 113]
[267, 113]
[267, 112]
[267, 112]
[267, 112]
[267, 112]
[267, 112]
[267, 112]
[267, 112]
[267, 114]
[267, 114]
[267, 113]
[267, 113]
[267, 113]
[267, 109]
[267, 109]
[267, 112]
[267, 112]
[267, 112]
[267, 112]
[267, 111]
[267, 111]
[267, 111]
[267, 111]
[267, 111]
[267, 110]
[267, 110]
[267, 111]
[267, 111]
[267, 111]
[267, 111]
[267, 112]
[267, 111]
[267, 111]
[267, 111]
[267, 111]
[267, 113]
[267, 113]
[267, 113]
[267, 113]
[267, 113]
[267, 115]
[267, 115]
[267, 115]
[267, 115]
[267, 115]
[267, 115]
[267, 115]
[267, 114]
[267, 114]
[267, 113]
[267, 113]
[267, 112]
[267, 112]
[267, 113]
[267, 113]
[267, 113]
[267, 112]
[267, 112]
[267, 112]
[267, 112]
[267, 112]
[267, 112]
[267, 112]
[267, 112]
[267, 112]
[267, 112]
[267, 112]
[267, 114]
[267, 114]
[267, 113]
[267, 113]
[267, 113]
[267, 113]
[267, 113]
[267, 113]
[267, 113]
[267, 115]
[267, 115]
[267, 112]
[267, 115]
[267, 115]
[267, 115]
[267, 115]
[267, 115]
[267, 115]
[267, 114]
[267, 114]
[267, 114]
[267, 115]
[267, 115]
[267, 113]
[267, 113]
[267, 115]
[267, 115]
[267, 115]
[267, 114]
[267, 114]
[267, 113]
[267, 113]
[267, 112]
[267, 112]
[267, 112]
[267, 113]
[267, 113]
[267, 112]
[267, 112]
[267, 112]
[267, 112]
[267, 113]
[267, 113]
[267, 114]
[267, 114]
[267, 113]
[267, 110]
[267, 110]
[267, 112]
[267, 112]
[267, 111]
[267, 111]
[267, 111]
[267, 112]
[267, 112]
[207, 131]
[207, 131]
[267, 111]
[267, 111]
[267, 116]
[267, 111]
[267, 111]
[267, 110]
[267, 110]
[267, 116]
[267, 116]
[267, 116]
[267, 116]
[267, 113]
[267, 113]
[267, 111]
[267, 111]
[267, 111]
[267, 111]
[267, 111]
[267, 112]
[267, 112]
[267, 112]
[267, 112]
[267, 112]
[267, 112]
[267, 112]
[267, 112]
[267, 113]
[267, 113]
[267, 113]
[267, 113]
[267, 113]
[267, 113]
[267, 113]
[267, 113]
[267, 113]
[267, 113]
[267, 113]
[267, 113]
[267, 114]
[267, 113]
[267, 113]
[267, 114]
[267, 114]
[267, 113]
[267, 114]
[267, 114]
[267, 113]
[267, 113]
[267, 113]
[267, 113]
[267, 113]
[267, 112]
[267, 112]
[267, 113]
[267, 113]
[267, 113]
[267, 113]
[267, 114]
[267, 114]
[267, 113]
[267, 113]
[267, 114]
[267, 113]
[267, 113]
[267, 114]
[267, 114]
[267, 113]
[267, 113]
[267, 113]
[267, 112]
[267, 112]
[267, 113]
[267, 113]
[267, 113]
[267, 113]
[267, 111]
[267, 114]
[267, 114]
[267, 113]
[267, 113]
[267, 113]
[267, 113]
[267, 113]
[267, 113]
[267, 113]
[267, 113]
[267, 113]
[267, 113]
[267, 113]
[267, 111]
[267, 111]
[267, 109]
[267, 111]
[267, 108]
[267, 113]
[267, 113]
[267, 112]
[267, 112]
[267, 111]
[267, 111]
[267, 110]
[267, 112]
[267, 112]
[267, 113]
[267, 113]
[267, 114]
[267, 114]
[267, 113]
[267, 113]
[267, 113]
[267, 112]
[267, 112]
[267, 112]
[267, 112]
[267, 112]
[267, 112]
[267, 113]
[267, 113]
[267, 113]
[267, 113]
[267, 113]
[267, 113]
[267, 113]
[267, 113]
[267, 113]
[267, 113]
[267, 113]
[267, 113]
[267, 113]
[267, 113]
[267, 113]
[267, 113]
[267, 113]
[267, 113]
[267, 112]
[267, 112]
[267, 112]
[267, 113]
[267, 113]
[267, 113]
[267, 113]
[267, 113]
[267, 113]
[267, 113]
[267, 113]
[267, 113]
[267, 113]
[267, 113]
[267, 113]
[267, 113]
[267, 113]
[267, 113]
[267, 113]
[267, 113]
[267, 113]
[267, 113]
[267, 113]
[267, 113]
[267, 112]
[267, 112]
[267, 112]
[267, 112]
[267, 113]
[267, 113]
[267, 112]
[267, 112]
[267, 113]
[267, 113]
[267, 113]
[267, 113]
[267, 113]
[267, 113]
[267, 113]
[267, 113]
[267, 113]
[267, 114]
[267, 115]
[267, 115]
[267, 115]
[267, 115]
[267, 115]
[267, 115]
[267, 115]
[267, 114]
[267, 114]
[267, 114]
[267, 114]
[267, 114]
[267, 114]
[267, 111]
[267, 111]
[267, 113]
[267, 113]
[267, 113]
[267, 112]
[267, 112]
[267, 113]
[267, 113]
[267, 114]
[267, 115]
[267, 115]
[267, 112]
[267, 112]
[267, 113]
[267, 113]
[267, 114]
[267, 113]
[267, 113]
[267, 113]
[267, 113]
[267, 113]
[267, 113]
[284, 117]
[284, 117]
[190, 139]
[190, 139]
[267, 111]
[267, 111]
[267, 111]
[267, 112]
[267, 112]
[267, 110]
[267, 110]
[267, 112]
[267, 114]
[267, 114]
[267, 113]
[267, 113]
[267, 113]
[267, 113]
[267, 113]
[267, 113]
[267, 113]
[267, 113]
[267, 113]
[267, 113]
[267, 113]
[267, 112]
[267, 112]
[267, 112]
[267, 112]
[267, 113]
[267, 112]
[267, 112]
[267, 115]
[267, 115]
[267, 112]
[267, 112]
[267, 112]
[267, 113]
[267, 113]
[267, 111]
[267, 111]
[267, 113]
[267, 113]
[267, 113]
[267, 113]
[267, 113]
[267, 113]
[267, 113]
[267, 113]
[267, 113]
[267, 112]
[267, 112]
[267, 113]
[267, 113]
[267, 113]
[267, 113]
[267, 113]
[267, 113]
[267, 113]
[267, 113]
[267, 113]
[267, 113]
[267, 112]
[267, 112]
[267, 112]
[267, 112]
[267, 112]
[267, 112]
[267, 113]
[267, 113]
[267, 113]
[267, 113]
[267, 113]
[267, 117]
[267, 117]
[267, 112]
[267, 112]
[267, 112]
[267, 112]
[267, 112]
[267, 113]
[267, 113]
[267, 115]
[267, 115]
[267, 116]
[267, 116]
[267, 114]
[267, 114]
[267, 114]
[267, 112]
[267, 112]
[191, 140]
[191, 140]
[267, 112]
[267, 113]
[267, 113]
[267, 113]
[267, 113]
[267, 113]
[267, 113]
[267, 113]
[267, 113]
[267, 113]
[267, 115]
[267, 115]
[267, 114]
[267, 114]
[267, 115]
[267, 115]
[267, 115]
[267, 115]
[267, 114]
[267, 113]
[267, 113]
[267, 114]
[267, 114]
[267, 113]
[267, 113]
[267, 113]
[267, 113]
[267, 113]
[267, 113]
[267, 113]
[267, 113]
[267, 113]
[267, 113]
[267, 113]
[267, 113]
[267, 114]
[267, 113]
[267, 114]
[267, 114]
[267, 114]
[267, 114]
[267, 114]
[267, 114]
[267, 116]
[267, 113]
[267, 114]
[267, 113]
[267, 113]
[267, 113]
[267, 113]
[267, 114]
[267, 114]
[267, 114]
[267, 114]
[267, 114]
[267, 114]
[267, 114]
[267, 114]
[267, 116]
[267, 116]
[267, 115]
[267, 115]
[267, 117]
[267, 117]
[267, 117]
[267, 117]
[267, 117]
[267, 117]
[267, 116]
[267, 114]
[267, 114]
[267, 115]
[267, 115]
[267, 116]
[267, 116]
[267, 116]
[267, 116]
[267, 116]
[267, 114]
[267, 114]
[267, 113]
[267, 115]
[267, 115]
[267, 113]
[267, 113]
[267, 113]
[267, 113]
[267, 113]
[267, 113]
[267, 113]
[267, 113]
[267, 113]
[267, 113]
[267, 113]
[267, 113]
[267, 113]
[267, 113]
[267, 113]
[267, 114]
[267, 114]
[267, 114]
[267, 114]
[267, 114]
[267, 118]
[267, 118]
[267, 119]
[267, 118]
[267, 118]
[267, 117]
[267, 117]
[267, 116]
[267, 116]
[267, 115]
[267, 115]
[267, 116]
[267, 116]
[267, 116]
[267, 116]
[267, 116]
[267, 115]
[267, 115]
[267, 116]
[267, 116]
[267, 117]
[267, 117]
[267, 117]
[267, 119]
[267, 119]
[267, 117]
[267, 117]
[267, 118]
[267, 115]
[267, 115]
[267, 116]
[267, 116]
[267, 115]
[267, 115]
[267, 117]
[267, 117]
[267, 116]
[267, 116]
[267, 116]
[267, 116]
[267, 116]
[267, 116]
[267, 116]
[267, 116]
[267, 116]
[267, 115]
[267, 115]
[267, 115]
[267, 115]
[267, 115]
[267, 118]
[267, 118]
[267, 113]
[267, 112]
[267, 112]
[267, 117]
[267, 117]
[191, 140]
[191, 140]
[191, 137]
[191, 137]
[191, 140]
[267, 116]
[267, 116]
[267, 120]
[267, 120]
[267, 119]
[267, 119]
[267, 116]
[267, 116]
[267, 114]
[207, 131]
[207, 131]
[267, 116]
[267, 116]
[267, 116]
[267, 116]
[267, 116]
[267, 113]
[267, 113]
[267, 114]
[267, 114]
[267, 114]
[267, 114]
[267, 114]
[267, 114]
[267, 116]
[267, 116]
[267, 116]
[267, 117]
[267, 117]
[267, 115]
[267, 115]
[267, 115]
[267, 115]
[267, 117]
[267, 115]
[267, 115]
[267, 117]
[267, 117]
[267, 118]
[267, 118]
[267, 118]
[267, 118]
[267, 118]
[191, 138]
[191, 138]
[267, 117]
[267, 117]
[267, 118]
[191, 138]
[191, 138]
[267, 118]
[267, 118]
[267, 117]
[267, 117]
[267, 115]
[267, 115]
[267, 117]
[267, 117]
[267, 116]
[267, 115]
[267, 115]
[267, 115]
[267, 115]
[267, 115]
[267, 115]
[267, 115]
[267, 116]
[267, 116]
[267, 116]
[267, 116]
[267, 115]
[267, 115]
[267, 115]
[267, 116]
[267, 116]
[267, 114]
[267, 114]
[267, 116]
[267, 116]
[267, 116]
[267, 116]
[267, 116]
[267, 116]
[267, 116]
[267, 116]
[267, 116]
[267, 116]
[267, 116]
[267, 116]
[267, 116]
[267, 116]
[267, 116]
[267, 116]
[267, 117]
[267, 117]
[267, 117]
[267, 116]
[267, 116]
[267, 116]
[267, 116]
[267, 116]
[267, 116]
[267, 118]
[267, 118]
[267, 120]
[267, 120]
[267, 119]
[267, 119]
[267, 118]
[267, 119]
[267, 119]
[267, 116]
[267, 116]
[267, 114]
[267, 118]
[267, 118]
[267, 119]
[267, 119]
[267, 118]
[267, 118]
[267, 114]
[267, 118]
[267, 118]
[267, 118]
[267, 118]
[267, 118]
[267, 118]
[267, 118]
[267, 118]
[267, 117]
[267, 117]
[267, 118]
[267, 115]
[267, 115]
[267, 115]
[267, 115]
[267, 116]
[267, 116]
[267, 117]
[267, 113]
[267, 113]
[267, 116]
[267, 116]
[207, 131]
[207, 131]
[267, 116]
[207, 130]
[207, 130]
[267, 116]
[267, 116]
[267, 116]
[267, 116]
[267, 116]
[267, 116]
[207, 130]
[207, 130]
[267, 114]
[267, 114]
[267, 114]
[207, 130]
[207, 130]
[267, 115]
[267, 115]
[267, 114]
[267, 115]
[267, 115]
[267, 114]
[267, 114]
[267, 114]
[267, 114]
[267, 114]
[267, 115]
[267, 115]
[267, 116]
[267, 116]
[267, 114]
[267, 114]
[267, 114]
[267, 114]
[267, 114]
[267, 114]
[267, 114]
[267, 116]
[267, 116]
[267, 113]
[267, 113]
[267, 114]
[267, 114]
[267, 114]
[267, 113]
[267, 113]
[267, 116]
[267, 116]
[267, 115]
[267, 115]
[267, 116]
[267, 115]
[267, 115]
[267, 116]
[267, 116]
[267, 116]
[267, 116]
[267, 116]
[267, 116]
[267, 116]
[267, 115]
[267, 115]
[267, 114]
[267, 114]
[267, 116]
[267, 116]
[267, 115]
[267, 115]
[267, 117]
[267, 115]
[267, 115]
[267, 117]
[267, 117]
[267, 116]
[267, 116]
[267, 116]
[267, 116]
[267, 116]
[267, 114]
[267, 114]
[267, 115]
[267, 115]
[267, 113]
[267, 114]
[267, 114]
[267, 114]
[267, 114]
[267, 114]
[267, 114]
[267, 115]
[267, 115]
[267, 114]
[267, 114]
[267, 113]
[267, 114]
[267, 114]
[267, 115]
[267, 115]
[267, 116]
[267, 116]
[267, 116]
[267, 115]
[267, 115]
[267, 116]
[267, 116]
[267, 116]
[267, 116]
[267, 116]
[267, 115]
[267, 115]
[267, 114]
[267, 114]
[267, 114]
[267, 114]
[267, 115]
[267, 115]
[267, 115]
[267, 115]
[267, 116]
[267, 116]
[267, 116]
[267, 115]
[267, 115]
[267, 113]
[267, 113]
[267, 114]
[267, 114]
[267, 114]
[267, 112]
[267, 112]
[267, 112]
[267, 113]
[267, 113]
[267, 113]
[267, 113]
[267, 113]
[267, 113]
[267, 113]
[267, 113]
[267, 113]
[267, 113]
[267, 113]
[267, 113]
[267, 115]
[267, 115]
[267, 115]
[267, 116]
[267, 116]
[267, 116]
[267, 116]
[267, 115]
[267, 115]
[267, 115]
[267, 115]
[267, 115]
[267, 115]
[267, 115]
[267, 115]
[267, 115]
[267, 115]
[267, 115]
[267, 115]
[267, 115]
[267, 115]
[267, 114]
[267, 114]
[267, 115]
[267, 115]
[267, 115]
[267, 118]
[267, 118]
[267, 118]
[267, 118]
[267, 114]
[267, 115]
[267, 115]
[267, 114]
[267, 114]
[267, 115]
[267, 115]
[267, 115]
[267, 117]
[267, 117]
[267, 117]
[267, 117]
[267, 114]
[267, 114]
[267, 116]
[267, 116]
[267, 116]
[267, 116]
[267, 116]
[267, 116]
[267, 116]
[267, 115]
[267, 115]
[267, 114]
[267, 114]
[267, 115]
[267, 115]
[267, 115]
[267, 115]
[267, 115]
[267, 116]
[267, 116]
[267, 115]
[267, 115]
[267, 115]
[267, 116]
[267, 116]
[267, 113]
[267, 113]
[267, 115]
[267, 115]
[267, 113]
[267, 114]
[267, 114]
[267, 112]
[267, 112]
[267, 113]
[267, 113]
[267, 113]
[267, 113]
[267, 113]
[267, 113]
[267, 113]
[267, 116]
[267, 116]
[267, 116]
[267, 116]
[267, 115]
[267, 114]
[267, 114]
[267, 113]
[267, 113]
[267, 113]
[267, 113]
[267, 112]
[267, 112]
[267, 112]
[267, 112]
[267, 112]
[267, 113]
[267, 113]
[267, 113]
[267, 113]
[267, 112]
[267, 112]
[267, 113]
[267, 113]
[267, 113]
[267, 114]
[267, 114]
[267, 113]
[267, 113]
[267, 113]
[267, 115]
[267, 115]
[267, 114]
[267, 114]
[267, 116]
[267, 116]
[267, 113]
[267, 110]
[267, 110]
[267, 110]
[267, 110]
[267, 110]
[267, 110]
[267, 110]
[267, 110]
[267, 110]
[267, 110]
[267, 110]
[267, 111]
[267, 111]
[267, 113]
[267, 113]
[267, 114]
[267, 114]
[267, 113]
[267, 114]
[267, 114]
[267, 111]
[267, 111]
[267, 113]
[267, 113]
[267, 113]
[267, 114]
[267, 114]
[267, 112]
[267, 112]
[267, 112]
[267, 112]
[267, 110]
[267, 110]
[267, 114]
[267, 114]
[267, 110]
[267, 112]
[267, 112]
[267, 113]
[267, 113]
[267, 112]
[267, 112]
[267, 112]
[267, 111]
[267, 111]
[267, 112]
[267, 112]
[267, 112]
[267, 113]
[267, 113]
[267, 112]
[267, 112]
[267, 113]
[267, 113]
[267, 113]
[267, 113]
[267, 112]
[267, 112]
[267, 112]
[267, 112]
[267, 112]
[267, 112]
[267, 112]
[267, 113]
[267, 113]
[267, 113]
[267, 113]
[267, 112]
[267, 110]
[267, 110]
[267, 113]
[267, 113]
[267, 113]
[267, 112]
[267, 112]
[267, 112]
[267, 112]
[267, 111]
[267, 111]
[267, 112]
[267, 112]
[267, 115]
[267, 115]
[267, 112]
[267, 112]
[267, 112]
[267, 111]
[267, 111]
[267, 112]
[267, 112]
[267, 113]
[267, 112]
[267, 112]
[267, 112]
[267, 112]
[267, 111]
[267, 111]
[267, 113]
[267, 112]
[267, 112]
[267, 111]
[267, 111]
[267, 111]
[267, 111]
[267, 112]
[267, 112]
[267, 111]
[267, 111]
[267, 113]
[267, 113]
[267, 113]
[267, 112]
[267, 112]
[267, 111]
[267, 111]
[267, 112]
[267, 112]
[267, 112]
[267, 110]
[267, 110]
[267, 110]
[267, 110]
[267, 110]
[267, 110]
[267, 110]
[267, 110]
[267, 110]
[267, 109]
[267, 109]
[267, 108]
[267, 108]
[267, 108]
[267, 112]
[267, 112]
[267, 109]
[267, 109]
[267, 112]
[267, 112]
[267, 111]
[267, 111]
[267, 113]
[267, 112]
[267, 112]
[267, 110]
[267, 110]
[267, 112]
[267, 112]
[267, 111]
[267, 110]
[267, 110]
[267, 109]
[267, 109]
[267, 109]
[267, 109]
[267, 113]
[267, 113]
[267, 110]
[267, 110]
[267, 110]
[267, 111]
[267, 111]
[267, 112]
[267, 112]
[267, 111]
[267, 111]
[267, 112]
[267, 112]
[267, 112]
[267, 112]
[267, 112]
[267, 112]
[267, 112]
[267, 112]
[267, 112]
[267, 112]
[267, 112]
[191, 139]
[267, 112]
[267, 112]
[267, 112]
[267, 111]
[267, 111]
[267, 111]
[267, 111]
[267, 111]
[267, 111]
[267, 111]
[267, 111]
[267, 111]
[267, 111]
[267, 111]
[267, 111]
[267, 111]
[267, 110]
[267, 110]
[267, 108]
[267, 108]
[267, 112]
[267, 112]
[267, 112]
[267, 112]
[267, 112]
[267, 112]
[267, 112]
[267, 112]
[267, 111]
[267, 111]
[267, 112]
[267, 112]
[267, 113]
[267, 113]
[267, 113]
[267, 113]
[267, 113]
[267, 113]
[267, 113]
[267, 114]
[267, 114]
[267, 113]
[267, 113]
[267, 113]
[267, 113]
[267, 113]
[267, 113]
[267, 113]
[267, 108]
[267, 108]
[267, 112]
[267, 112]
[267, 112]
[267, 112]
[267, 112]
[267, 112]
[267, 112]
[267, 111]
[267, 111]
[267, 112]
[267, 112]
[267, 112]
[267, 112]
[267, 110]
[267, 111]
[267, 111]
[267, 115]
[267, 115]
[267, 113]
[267, 113]
[267, 111]
[267, 111]
[267, 111]
[267, 111]
[267, 111]
[267, 111]
[267, 111]
[267, 111]
[267, 111]
[267, 111]
[267, 110]
[267, 110]
[267, 110]
[267, 110]
[267, 107]
[267, 107]
[267, 107]
[267, 107]
[267, 107]
[267, 107]
[267, 107]
[267, 113]
[267, 113]
[267, 113]
[267, 113]
[267, 112]
[267, 109]
[267, 109]
[267, 109]
[267, 109]
[267, 110]
[267, 109]
[267, 109]
[267, 110]
[267, 110]
[267, 110]
[267, 110]
[267, 111]
[267, 111]
[267, 111]
[267, 111]
[267, 110]
[267, 111]
[267, 111]
[267, 113]
[267, 113]
[267, 113]
[267, 113]
[267, 113]
[267, 112]
[267, 112]
[267, 112]
[267, 112]
[267, 112]
[267, 112]
[267, 113]
[267, 112]
[267, 112]
[267, 112]
[267, 112]
[267, 111]
[267, 111]
[267, 110]
[267, 110]
[267, 110]
[267, 110]
[267, 110]
[267, 110]
[267, 110]
[267, 110]
[267, 110]
[267, 110]
[267, 110]
[267, 111]
[267, 111]
[267, 111]
[267, 110]
[267, 110]
[267, 110]
[267, 110]
[267, 112]
[267, 113]
[267, 113]
[267, 113]
[267, 113]
[267, 112]
[267, 112]
[267, 112]
[267, 112]
[267, 113]
[267, 113]
[267, 113]
[267, 114]
[267, 114]
[267, 114]
[267, 114]
[267, 114]
[267, 114]
[267, 115]
[267, 114]
[267, 114]
[267, 113]
[267, 113]
[267, 114]
[267, 114]
[267, 114]
[267, 113]
[267, 113]
[267, 114]
[267, 114]
[267, 114]
[267, 114]
[267, 113]
[267, 115]
[267, 115]
[267, 115]
[267, 114]
[267, 114]
[267, 114]
[267, 114]
[267, 114]
[267, 115]
[267, 115]
[267, 112]
[267, 113]
[267, 113]
[267, 115]
[267, 115]
[267, 112]
[267, 112]
[267, 115]
[267, 112]
[267, 112]
[267, 112]
[267, 112]
[267, 112]
[267, 112]
[267, 112]
[267, 113]
[267, 113]
[267, 114]
[267, 114]
[267, 114]
[267, 114]
[267, 114]
[267, 114]
[267, 113]
[267, 113]
[267, 114]
[267, 113]
[267, 113]
[267, 114]
[267, 114]
[267, 114]
[267, 114]
[267, 114]
[267, 113]
[267, 113]
[267, 112]
[267, 112]
[267, 113]
[267, 113]
[267, 113]
[267, 113]
[267, 113]
[267, 113]
[267, 113]
[267, 113]
[267, 113]
[267, 114]
[267, 114]
[207, 131]
[207, 131]
[267, 113]
[267, 114]
[267, 114]
[267, 113]
[267, 113]
[267, 113]
[267, 113]
[267, 113]
[267, 114]
[267, 114]
[267, 113]
[267, 113]
[267, 113]
[267, 113]
[267, 113]
[267, 113]
[267, 114]
[267, 113]
[267, 113]
[267, 113]
[267, 113]
[267, 114]
[267, 114]
[267, 114]
[267, 113]
[267, 113]
[267, 113]
[267, 113]
[267, 114]
[267, 114]
[267, 114]
[267, 114]
[267, 115]
[267, 115]
[267, 115]
[267, 114]
[267, 114]
[267, 114]
[267, 114]
[267, 114]
[267, 114]
[267, 114]
[267, 114]
[267, 114]
[267, 115]
[267, 115]
[267, 115]
[267, 115]
[267, 115]
[267, 116]
[267, 116]
[267, 115]
[267, 115]
[267, 116]
[267, 116]
[267, 115]
[267, 113]
[267, 113]
[267, 113]
[267, 113]
[267, 111]
[267, 111]
[267, 111]
[267, 113]
[267, 113]
[267, 113]
[267, 113]
[267, 112]
[267, 112]
[267, 113]
[267, 113]
[267, 111]
[267, 111]
[267, 111]
[267, 112]
[267, 112]
[267, 112]
[267, 112]
[267, 113]
[267, 113]
[267, 114]
[267, 113]
[267, 113]
[267, 112]
[267, 112]
[267, 112]
[267, 112]
[267, 112]
[267, 112]
[267, 112]
[267, 112]
[267, 112]
[267, 113]
[267, 113]
[267, 112]
[267, 112]
[267, 112]
[267, 112]
[267, 112]
[267, 111]
[267, 111]
[267, 112]
[267, 112]
[267, 112]
[267, 112]
[267, 112]
[267, 113]
[267, 113]
[267, 109]
[267, 109]
[267, 109]
[267, 109]
[267, 113]
[267, 113]
[267, 113]
[267, 112]
[267, 112]
[267, 113]
[267, 113]
[267, 112]
[267, 112]
[267, 112]
[267, 110]
[267, 110]
[267, 112]
[267, 112]
[267, 112]
[267, 112]
[267, 111]
[267, 111]
[267, 112]
[267, 112]
[267, 112]
[267, 112]
[267, 112]
[267, 111]
[267, 111]
[267, 112]
[267, 112]
[267, 112]
[267, 111]
[267, 111]
[267, 112]
[267, 112]
[267, 112]
[267, 111]
[267, 111]
[267, 111]
[267, 111]
[267, 111]
[267, 111]
[267, 110]
[267, 110]
[267, 110]
[267, 110]
[267, 111]
[267, 112]
[267, 112]
[267, 111]
[267, 111]
[267, 110]
[267, 110]
[267, 111]
[267, 110]
[267, 110]
[267, 110]
[267, 110]
[267, 111]
[267, 110]
[267, 110]
[267, 111]
[267, 111]
[267, 111]
[267, 111]
[267, 112]
[267, 112]
[267, 110]
[267, 110]
[267, 113]
[267, 113]
[267, 112]
[267, 112]
[267, 112]
[267, 111]
[267, 111]
[267, 112]
[267, 112]
[267, 113]
[267, 113]
[267, 113]
[267, 112]
[267, 112]
[267, 112]
[267, 113]
[267, 113]
[267, 113]
[267, 113]
[267, 113]
[267, 113]
[267, 110]
[267, 110]
[267, 111]
[267, 111]
[267, 112]
[267, 112]
[267, 112]
[267, 111]
[267, 111]
[267, 112]
[267, 112]
[267, 112]
[267, 112]
[267, 112]
[267, 115]
[267, 115]
[267, 117]
[267, 117]
[267, 116]
[267, 115]
[267, 115]
[267, 113]
[267, 113]
[267, 112]
[267, 112]
[267, 116]
[267, 116]
[267, 116]
[267, 116]
[267, 116]
[267, 116]
[267, 116]
[267, 116]
[267, 116]
[267, 115]
[267, 115]
[267, 115]
[267, 115]
[267, 115]
[267, 115]
[267, 115]
[267, 113]
[267, 113]
[267, 113]
[267, 113]
[267, 113]
[267, 113]
[267, 113]
[267, 115]
[267, 115]
[267, 116]
[267, 116]
[267, 115]
[267, 115]
[267, 115]
[267, 115]
[267, 115]
[267, 115]
[267, 115]
[267, 115]
[267, 115]
[267, 114]
[267, 118]
[267, 113]
[267, 115]
[267, 115]
[267, 113]
[267, 113]
[267, 112]
[267, 112]
[267, 112]
[267, 114]
[267, 114]
[267, 113]
[267, 113]
[267, 113]
[267, 113]
[267, 112]
[267, 112]
[267, 112]
[267, 114]
[267, 114]
[267, 114]
[267, 114]
[267, 114]
[267, 114]
[267, 113]
[267, 113]
[267, 113]
[267, 114]
[267, 114]
[267, 113]
[267, 113]
[249, 107]
[250, 107]
[250, 107]
[267, 113]
[267, 113]
[267, 113]
[267, 113]
[267, 113]
[267, 113]
[267, 113]
[267, 113]
[267, 113]
[267, 112]
[267, 112]
[267, 117]
[267, 116]
[267, 113]
[267, 113]
[267, 113]
[267, 112]
[267, 112]
[267, 112]
[267, 112]
[267, 113]
[267, 113]
[267, 112]
[267, 113]
[267, 113]
[267, 112]
[267, 112]
[267, 113]
[267, 113]
[207, 128]
[267, 113]
[267, 113]
[267, 113]
[267, 113]
[267, 113]
[267, 113]
[267, 114]
[267, 114]
[267, 113]
[267, 113]
[267, 114]
[267, 115]
[267, 115]
[267, 117]
[267, 115]
[267, 113]
[267, 113]
[267, 116]
[267, 113]
[267, 113]
[190, 138]
[190, 138]
[267, 113]
[267, 113]
[267, 113]
[267, 113]
[267, 113]
[267, 113]
[267, 113]
[267, 116]
[267, 116]
[267, 114]
[267, 114]
[267, 114]
[267, 114]
[267, 115]
[267, 115]
[267, 115]
[267, 114]
[267, 114]
[267, 114]
[267, 114]
[267, 114]
[267, 115]
[267, 115]
[267, 115]
[267, 115]
[267, 115]
[267, 115]
[267, 115]
[267, 115]
[267, 115]
[267, 115]
[267, 115]
[267, 115]
[267, 115]
[267, 115]
[267, 115]
[267, 115]
[267, 115]
[267, 115]
[267, 115]
[267, 115]
[267, 116]
[267, 116]
[267, 115]
[267, 115]
[267, 115]
[267, 116]
[267, 116]
[267, 115]
[267, 115]
[267, 115]
[267, 115]
[267, 115]
[267, 115]
[267, 115]
[267, 117]
[267, 117]
[267, 116]
[267, 116]
[267, 116]
[267, 116]
[267, 117]
[267, 116]
[267, 116]
[267, 116]
[267, 116]
[267, 116]
[267, 116]
[267, 116]
[267, 116]
[267, 117]
[267, 116]
[267, 116]
[267, 117]
[267, 117]
[267, 116]
[267, 116]
[267, 116]
[267, 115]
[267, 115]
[267, 115]
[267, 115]
[267, 114]
[267, 114]
[267, 114]
[267, 115]
[267, 115]
[267, 115]
[267, 115]
[284, 119]
[284, 119]
[267, 117]
[267, 117]
[267, 115]
[267, 115]
[267, 115]
[267, 116]
[267, 116]
[267, 116]
[267, 116]
[267, 116]
[267, 116]
[267, 116]
[267, 114]
[267, 114]
[267, 115]
[267, 115]
[267, 115]
[267, 115]
[267, 116]
[267, 116]
[267, 116]
[267, 119]
[267, 119]
[267, 119]
[267, 119]
[267, 118]
[267, 118]
[267, 117]
[267, 118]
[267, 118]
[267, 116]
[267, 116]
[267, 114]
[267, 114]
[267, 118]
[267, 117]
[267, 117]
[267, 116]
[267, 116]
[267, 116]
[267, 116]
[267, 117]
[267, 116]
[267, 116]
[267, 116]
[267, 116]
[207, 130]
[207, 130]
[267, 118]
[267, 118]
[267, 118]
[267, 117]
[267, 117]
[267, 116]
[267, 116]
[267, 116]
[267, 116]
[267, 116]
[267, 116]
[267, 115]
[267, 116]
[267, 116]
[191, 141]
[191, 141]
[191, 141]
[191, 141]
[267, 114]
[267, 114]
[267, 114]
[267, 115]
[267, 115]
[207, 132]
[207, 132]
[267, 114]
[267, 114]
[267, 114]
[267, 114]
[267, 116]
[267, 113]
[267, 113]
[267, 117]
[267, 117]
[267, 113]
[267, 113]
[267, 113]
[267, 117]
[267, 117]
[267, 115]
[267, 115]
[267, 115]
[267, 114]
[267, 114]
[267, 113]
[267, 113]
[267, 112]
[267, 112]
[267, 113]
[267, 113]
[267, 113]
[267, 113]
[267, 113]
[267, 113]
[267, 111]
[267, 112]
[267, 112]
[267, 112]
[267, 112]
[267, 113]
[267, 113]
[267, 113]
[267, 113]
[267, 113]
[267, 113]
[267, 113]
[267, 112]
[267, 111]
[267, 111]
[267, 111]
[267, 111]
[267, 110]
[267, 110]
[267, 112]
[267, 112]
[267, 112]
[267, 112]
[267, 112]
[267, 113]
[267, 113]
[267, 113]
[267, 113]
[267, 112]
[267, 112]
[267, 111]
[267, 111]
[267, 110]
[267, 110]
[267, 110]
[267, 113]
[267, 113]
[267, 110]
[267, 111]
[267, 111]
[267, 113]
[267, 113]
[267, 111]
[267, 111]
[267, 112]
[267, 112]
[267, 111]
[267, 111]
[267, 110]
[267, 110]
[267, 110]
[267, 108]
[267, 108]
[267, 108]
[267, 108]
[267, 108]
[267, 108]
[267, 107]
[267, 107]
[267, 107]
[267, 108]
[267, 108]
[267, 109]
[267, 111]
[267, 111]
[267, 108]
[267, 108]
[267, 107]
[267, 107]
[267, 108]
[267, 108]
[267, 108]
[267, 112]
[267, 112]
[267, 108]
[267, 108]
[267, 112]
[267, 112]
[267, 108]
[267, 108]
[267, 112]
[267, 112]
[267, 112]
[267, 109]
[267, 109]
[267, 111]
[267, 111]
[267, 112]
[267, 112]
[267, 112]
[267, 112]
[267, 112]
[267, 112]
[267, 112]
[267, 113]
[267, 113]
[267, 112]
[267, 112]
[267, 112]
[267, 111]
[267, 111]
[267, 113]
[267, 113]
[267, 112]
[267, 112]
[267, 112]
[267, 112]
[267, 112]
[267, 113]
[267, 113]
[267, 112]
[267, 112]
[267, 112]
[267, 113]
[267, 113]
[267, 112]
[267, 112]
[267, 116]
[267, 116]
[267, 113]
[267, 113]
[267, 113]
[267, 113]
[267, 113]
[267, 113]
[267, 113]
[267, 115]
[267, 115]
[267, 113]
[267, 113]
[267, 112]
[267, 111]
[267, 111]
[267, 111]
[267, 111]
[267, 111]
[267, 111]
[267, 112]
[267, 112]
[267, 112]
[267, 112]
[267, 112]
[267, 111]
[267, 111]
[267, 110]
[267, 110]
[267, 110]
[267, 110]
[267, 110]
[267, 111]
[267, 111]
[267, 109]
[267, 109]
[267, 109]
[267, 109]
[267, 113]
[267, 110]
[267, 110]
[267, 109]
[267, 109]
[267, 110]
[267, 110]
[267, 110]
[267, 109]
[267, 110]
[267, 110]
[267, 110]
[267, 113]
[267, 113]
[267, 113]
[267, 112]
[267, 112]
[267, 113]
[267, 113]
[267, 111]
[267, 111]
[267, 111]
[267, 111]
[207, 124]
[207, 124]
[207, 124]
[267, 112]
[267, 112]
[267, 112]
[267, 112]
[267, 110]
[267, 110]
[267, 112]
[267, 113]
[267, 113]
[267, 112]
[267, 112]
[267, 113]
[267, 113]
[267, 113]
[267, 113]
[267, 113]
[267, 111]
[267, 111]
[267, 113]
[267, 113]
[267, 113]
[267, 113]
[267, 113]
[267, 110]
[267, 110]
[267, 111]
[267, 111]
[267, 112]
[267, 112]
[267, 113]
[267, 113]
[267, 112]
[267, 112]
[267, 112]
[267, 110]
[267, 110]
[267, 112]
[267, 113]
[267, 113]
[267, 113]
[267, 113]
[267, 112]
[267, 112]
[267, 112]
[267, 112]
[267, 111]
[267, 111]
[267, 112]
[267, 111]
[267, 111]
[267, 110]
[267, 110]
[267, 111]
[267, 111]
[267, 109]
[267, 109]
[267, 109]
[267, 109]
[267, 109]
[267, 109]
[267, 109]
[267, 110]
[267, 111]
[267, 111]
[267, 110]
[267, 110]
[267, 109]
[267, 109]
[267, 110]
[267, 110]
[267, 111]
[267, 110]
[267, 110]
[267, 111]
[267, 111]
[267, 111]
[267, 111]
[267, 112]
[267, 112]
[267, 111]
[267, 111]
[267, 111]
[267, 111]
[267, 111]
[267, 112]
[267, 112]
[267, 112]
[267, 112]
[267, 112]
[267, 111]
[267, 111]
[267, 111]
[267, 111]
[267, 110]
[267, 110]
[267, 110]
[267, 110]
[267, 110]
[267, 110]
[267, 110]
[267, 110]
[267, 110]
[267, 110]
[267, 110]
[267, 110]
[267, 112]
[267, 112]
[267, 110]
[267, 110]
[267, 108]
[267, 108]
[267, 109]
[267, 110]
[267, 110]
[267, 110]
[267, 110]
[267, 109]
[267, 109]
[267, 109]
[267, 111]
[267, 111]
[267, 108]
[267, 108]
[267, 110]
[267, 110]
[267, 110]
[267, 110]
[267, 112]
[267, 112]
[267, 112]
[267, 110]
[267, 110]
[267, 110]
[267, 110]
[267, 110]
[267, 110]
[267, 111]
[267, 110]
[267, 110]
[267, 112]
[267, 112]
[267, 110]
[267, 110]
[267, 111]
[267, 112]
[267, 112]
[267, 111]
[267, 111]
[267, 110]
[267, 110]
[267, 111]
[267, 111]
[267, 113]
[267, 113]
[267, 114]
[267, 113]
[267, 113]
[267, 114]
[267, 114]
[267, 113]
[267, 113]
[267, 111]
[267, 113]
[267, 113]
[267, 113]
[267, 113]
[267, 111]
[267, 112]
[267, 112]
[267, 112]
[267, 112]
[267, 112]
[267, 112]
[267, 112]
[267, 112]
[267, 112]
[267, 112]
[267, 112]
[267, 112]
[267, 107]
[266, 111]
[266, 111]
[207, 126]
[207, 126]
[267, 111]
[267, 111]
[267, 111]
[267, 111]
[267, 111]
[267, 112]
[267, 112]
[267, 112]
[267, 112]
[267, 112]
[267, 112]
[267, 112]
[267, 112]
[267, 112]
[267, 113]
[267, 113]
[267, 112]
[267, 112]
[267, 112]
[267, 112]
[267, 112]
[267, 112]
[267, 112]
[267, 111]
[267, 111]
[267, 111]
[267, 111]
[267, 111]
[267, 111]
[267, 111]
[267, 111]
[267, 111]
[267, 111]
[267, 112]
[267, 112]
[267, 111]
[267, 111]
[267, 111]
[267, 111]
[267, 111]
[267, 111]
[267, 112]
[267, 112]
[267, 113]
[267, 111]
[267, 110]
[267, 110]
[267, 110]
[267, 111]
[267, 111]
[267, 111]
[267, 111]
[267, 111]
[267, 110]
[267, 110]
[267, 110]
[267, 110]
[267, 112]
[267, 111]
[267, 111]
[267, 110]
[267, 110]
[267, 112]
[267, 112]
[267, 109]
[267, 109]
[267, 112]
[267, 112]
[267, 112]
[267, 109]
[267, 109]
[267, 112]
[267, 112]
[267, 113]
[267, 113]
[267, 112]
[267, 112]
[267, 109]
[267, 112]
[267, 112]
[267, 109]
[267, 109]
[267, 112]
[267, 113]
[267, 113]
[267, 113]
[267, 113]
[267, 113]
[267, 113]
[267, 112]
[267, 112]
[267, 112]
[267, 112]
[267, 112]
[267, 113]
[267, 113]
[267, 112]
[267, 112]
[267, 112]
[267, 112]
[267, 112]
[267, 112]
[267, 113]
[267, 112]
[267, 112]
[267, 112]
[267, 112]
[267, 112]
[267, 112]
[267, 112]
[267, 112]
[267, 112]
[267, 112]
[267, 112]
[267, 109]
[267, 110]
[267, 110]
[267, 111]
[267, 111]
[267, 111]
[267, 111]
[267, 109]
[267, 109]
[267, 113]
[267, 113]
[267, 111]
[267, 110]
[267, 110]
[267, 110]
[267, 110]
[267, 109]
[267, 109]
[267, 111]
[267, 111]
[267, 111]
[267, 112]
[267, 111]
[267, 112]
[267, 112]
[267, 111]
[267, 112]
[267, 112]
[267, 112]
[267, 112]
[267, 112]
[267, 112]
[267, 112]
[267, 112]
[267, 112]
[267, 112]
[267, 113]
[267, 112]
[267, 112]
[267, 112]
[267, 112]
[267, 112]
[267, 112]
[267, 111]
[267, 112]
[267, 112]
[267, 111]
[267, 111]
[267, 111]
[267, 111]
[267, 111]
[267, 113]
[267, 113]
[267, 113]
[267, 113]
[267, 112]
[267, 112]
[267, 112]
[267, 112]
[267, 112]
[267, 112]
[267, 112]
[267, 110]
[267, 110]
[267, 111]
[267, 111]
[267, 113]
[267, 113]
[267, 112]
[267, 111]
[267, 111]
[267, 112]
[267, 112]
[267, 109]
[267, 109]
[267, 109]
[267, 109]
[267, 109]
[267, 109]
[267, 109]
[267, 112]
[267, 112]
[267, 109]
[267, 109]
[267, 109]
[267, 109]
[267, 109]
[267, 111]
[267, 111]
[267, 109]
[267, 109]
[267, 110]
[267, 110]
[267, 109]
[267, 110]
[267, 110]
[207, 129]
[207, 129]
[267, 109]
[267, 109]
[267, 113]
[267, 111]
[267, 111]
[267, 111]
[267, 111]
[267, 111]
[267, 111]
[190, 137]
[190, 137]
[267, 111]
[267, 111]
[267, 111]
[267, 111]
[267, 111]
[267, 112]
[267, 112]
[267, 112]
[267, 112]
[267, 112]
[267, 112]
[267, 112]
[267, 112]
[267, 111]
[267, 113]
[267, 111]
[267, 111]
[267, 111]
[267, 111]
[267, 112]
[267, 112]
[267, 112]
[267, 112]
[267, 112]
[267, 111]
[267, 111]
[267, 112]
[267, 112]
[267, 112]
[267, 112]
[267, 112]
[267, 112]
[267, 110]
[267, 110]
[267, 112]
[267, 112]
[267, 112]
[267, 112]
[267, 112]
[267, 112]
[267, 112]
[267, 112]
[267, 112]
[267, 112]
[267, 112]
[267, 112]
[267, 110]
[267, 110]
[267, 113]
[267, 111]
[267, 111]
[267, 112]
[267, 112]
[267, 111]
[267, 111]
[267, 111]
[267, 111]
[267, 113]
[267, 113]
[267, 113]
[267, 113]
[267, 113]
[267, 112]
[267, 112]
[267, 113]
[267, 112]
[267, 112]
[267, 112]
[267, 112]
[267, 111]
[267, 111]
[267, 111]
[267, 112]
[267, 112]
[267, 112]
[267, 112]
[267, 112]
[267, 112]
[267, 112]
[267, 112]
[267, 112]
[267, 112]
[267, 112]
[267, 112]
[267, 112]
[267, 111]
[267, 111]
[267, 110]
[267, 110]
[267, 112]
[267, 111]
[267, 111]
[267, 111]
[267, 111]
[267, 111]
[267, 111]
[267, 110]
[267, 111]
[267, 111]
[267, 113]
[267, 113]
[267, 111]
[267, 111]
[267, 112]
[267, 112]
[267, 112]
[267, 112]
[267, 109]
[267, 109]
[267, 109]
[267, 110]
[267, 110]
[267, 110]
[267, 110]
[267, 109]
[267, 109]
[267, 109]
[267, 108]
[267, 108]
[267, 111]
[267, 110]
[267, 110]
[267, 109]
[267, 109]
[267, 107]
[267, 107]
[267, 111]
[267, 111]
[267, 111]
[267, 111]
[267, 112]
[267, 112]
[267, 111]
[267, 112]
[267, 112]
[267, 109]
[267, 109]
[267, 109]
[267, 109]
[267, 109]
[267, 108]
[267, 108]
[267, 109]
[267, 109]
[267, 110]
[267, 109]
[267, 109]
[267, 109]
[267, 109]
[267, 109]
[267, 109]
[267, 110]
[267, 110]
[267, 109]
[267, 109]
[267, 109]
[267, 111]
[267, 111]
[267, 111]
[267, 111]
[267, 109]
[267, 109]
[267, 107]
[267, 107]
[267, 108]
[267, 109]
[267, 109]
[267, 109]
[267, 109]
[267, 110]
[267, 111]
[267, 111]
[267, 110]
[267, 110]
[267, 112]
[267, 112]
[267, 110]
[267, 110]
[267, 110]
[267, 110]
[267, 112]
[267, 109]
[267, 109]
[267, 111]
[267, 111]
[267, 112]
[267, 112]
[267, 111]
[267, 111]
[267, 111]
[267, 110]
[267, 110]
[267, 111]
[267, 111]
[267, 109]
[267, 108]
[267, 108]
[267, 109]
[267, 109]
[267, 109]
[267, 109]
[267, 109]
[267, 109]
[267, 109]
[267, 112]
[267, 112]
[267, 112]
[267, 112]
[267, 112]
[267, 112]
[267, 112]
[267, 112]
[267, 111]
[267, 111]
[267, 111]
[267, 111]
[267, 111]
[267, 109]
[267, 109]
[267, 110]
[267, 111]
[267, 111]
[267, 109]
[267, 109]
[267, 112]
[267, 112]
[267, 111]
[267, 111]
