[140, 212]
[140, 220]
[140, 222]
[140, 217]
[140, 213]
[140, 222]
[140, 221]
[140, 222]
[140, 222]
[140, 211]
[140, 222]
[139, 213]
[140, 175]
[139, 196]
[140, 175]
[140, 174]
[140, 175]
[139, 195]
[139, 196]
[139, 198]
[140, 176]
[140, 175]
[140, 176]
[140, 176]
[140, 175]
[140, 175]
[140, 175]
[140, 175]
[140, 175]
[140, 176]
[140, 175]
[139, 173]
[140, 175]
[140, 175]
[139, 174]
[139, 173]
[140, 175]
[140, 175]
[140, 175]
[140, 175]
[140, 175]
[140, 175]
[139, 173]
[140, 175]
[139, 173]
[140, 175]
[140, 174]
[140, 175]
[140, 174]
[140, 174]
[140, 175]
[140, 174]
[140, 175]
[140, 175]
[140, 175]
[140, 175]
[140, 175]
[140, 175]
[140, 174]
[140, 174]
[140, 175]
[140, 174]
[140, 175]
[140, 174]
[140, 174]
[140, 174]
[140, 174]
[140, 175]
[140, 175]
[140, 175]
[140, 175]
[140, 175]
[140, 175]
[140, 175]
[140, 175]
[140, 174]
[140, 175]
[140, 173]
[140, 174]
[140, 175]
[140, 175]
[140, 175]
[140, 174]
[140, 175]
[140, 175]
[140, 175]
[140, 175]
[140, 174]
[140, 175]
[140, 175]
[140, 175]
[140, 174]
[140, 175]
[140, 174]
[140, 174]
[140, 174]
