[232, 176]
[233, 176]
[233, 176]
[232, 183]
[232, 183]
[232, 183]
[232, 173]
[232, 173]
[232, 165]
[232, 165]
[231, 165]
[231, 165]
[231, 164]
[232, 181]
[232, 181]
[232, 170]
[232, 170]
[232, 170]
[232, 170]
[232, 170]
[232, 170]
[232, 181]
[232, 181]
[232, 179]
[232, 172]
[232, 172]
[232, 176]
[232, 176]
[232, 174]
[232, 174]
[232, 175]
[214, 158]
[214, 158]
[232, 166]
[232, 168]
[232, 167]
[232, 167]
[231, 165]
[232, 167]
[232, 167]
[232, 166]
[232, 166]
[232, 166]
[232, 166]
[232, 171]
[232, 171]
[232, 167]
[232, 167]
[232, 172]
[232, 171]
[232, 171]
[232, 168]
[232, 168]
[232, 168]
[232, 168]
[232, 171]
[232, 171]
[232, 171]
[232, 178]
[232, 178]
[232, 176]
[232, 177]
[232, 177]
[232, 176]
[232, 176]
[232, 178]
[232, 178]
[232, 177]
[232, 177]
[232, 180]
[232, 180]
[232, 181]
[232, 181]
[232, 182]
[232, 182]
[232, 182]
[232, 182]
[232, 182]
[232, 182]
[232, 182]
[232, 181]
[232, 182]
[232, 182]
[232, 182]
[232, 182]
[232, 182]
[242, 139]
[242, 139]
[242, 139]
[242, 139]
[242, 136]
[242, 137]
[160, 209]
[160, 209]
[161, 210]
[161, 210]
[160, 209]
[161, 209]
[161, 209]
[160, 207]
[160, 207]
[160, 207]
[160, 207]
[160, 207]
[160, 207]
[160, 205]
[161, 208]
[161, 208]
[161, 208]
[161, 208]
[161, 199]
[161, 199]
[161, 199]
[161, 208]
[161, 207]
[160, 205]
[160, 205]
[161, 205]
[161, 205]
[161, 205]
[161, 205]
[162, 205]
[162, 205]
[162, 205]
[162, 205]
[162, 205]
[162, 207]
[162, 207]
[161, 207]
[161, 207]
[161, 199]
[161, 205]
[161, 205]
[161, 207]
[161, 207]
[161, 207]
[161, 207]
[161, 207]
[160, 205]
[160, 205]
[161, 199]
[161, 199]
[160, 210]
[160, 210]
[248, 126]
[259, 80]
[259, 80]
[259, 81]
[259, 81]
[216, 183]
[216, 183]
[215, 183]
[215, 183]
[215, 184]
[216, 185]
[216, 185]
[216, 185]
[216, 185]
[216, 185]
[216, 185]
[215, 172]
[215, 172]
[215, 172]
[215, 171]
[215, 171]
[215, 169]
[215, 169]
[214, 163]
[214, 163]
[232, 183]
[214, 163]
[214, 163]
[214, 162]
[214, 162]
[232, 182]
[232, 182]
[232, 182]
[232, 182]
[232, 182]
[215, 162]
[215, 162]
[214, 159]
[214, 159]
[214, 161]
[214, 161]
[214, 160]
[214, 161]
[214, 161]
[214, 159]
[214, 159]
[214, 159]
[214, 159]
[214, 158]
[214, 158]
[214, 158]
[214, 158]
[214, 158]
[215, 158]
[215, 158]
[215, 159]
[215, 159]
[232, 182]
[232, 182]
[215, 158]
[215, 158]
[215, 158]
[215, 158]
[215, 158]
[215, 159]
[215, 159]
[215, 159]
[232, 177]
[232, 177]
[232, 176]
[232, 176]
[214, 158]
[214, 158]
[232, 177]
[233, 184]
[233, 184]
[232, 178]
[232, 178]
[232, 177]
[232, 177]
[232, 176]
[232, 177]
[214, 154]
[214, 154]
[232, 176]
[232, 176]
[232, 176]
[231, 162]
[231, 162]
[232, 180]
[232, 180]
[232, 180]
[214, 153]
[214, 153]
[214, 153]
[214, 153]
[232, 178]
[232, 169]
[232, 169]
[232, 179]
[232, 179]
[232, 180]
[232, 180]
[232, 171]
[232, 171]
[232, 172]
[232, 172]
[232, 172]
[232, 172]
[232, 171]
[232, 170]
[232, 170]
[232, 172]
[232, 172]
[232, 171]
[232, 171]
[232, 169]
[232, 169]
[232, 169]
[232, 169]
[232, 169]
[232, 169]
[232, 170]
[232, 170]
[232, 174]
[232, 174]
[214, 156]
[214, 156]
[214, 158]
[214, 158]
[232, 176]
[232, 176]
[214, 158]
[232, 175]
[232, 175]
[214, 158]
[214, 158]
[232, 167]
[232, 167]
[232, 163]
[232, 163]
[232, 166]
[232, 163]
[232, 163]
[232, 162]
[232, 170]
[232, 170]
[231, 162]
[231, 162]
[232, 166]
[232, 166]
[232, 167]
[232, 167]
[232, 167]
[232, 167]
[232, 172]
[232, 172]
[232, 173]
[232, 169]
[232, 169]
[232, 168]
[232, 168]
[232, 168]
[232, 168]
[232, 168]
[232, 168]
[232, 172]
[232, 176]
[232, 176]
[232, 176]
[232, 176]
[232, 167]
[214, 150]
[214, 150]
[214, 154]
[214, 154]
[214, 154]
[214, 154]
[232, 166]
[232, 166]
[232, 162]
[232, 162]
[232, 162]
[232, 173]
[232, 173]
[232, 169]
[232, 169]
[232, 168]
[232, 168]
[232, 168]
[232, 168]
[232, 169]
[232, 168]
[232, 168]
[232, 171]
[232, 171]
[233, 169]
[233, 169]
[233, 169]
[233, 170]
[233, 170]
[233, 170]
[233, 170]
[232, 169]
[232, 169]
[232, 168]
[232, 163]
[232, 163]
[232, 160]
[232, 160]
[232, 166]
[232, 166]
[232, 165]
[232, 165]
[232, 162]
[232, 164]
[232, 164]
[232, 166]
[232, 166]
[232, 167]
[232, 167]
[232, 170]
[232, 168]
[232, 168]
[232, 167]
[232, 167]
[232, 167]
[232, 167]
[232, 168]
[232, 169]
[232, 169]
[232, 169]
[232, 169]
[232, 169]
[232, 169]
[232, 171]
[232, 171]
[232, 170]
[232, 170]
[232, 170]
[232, 170]
[232, 170]
[232, 168]
[232, 168]
[231, 167]
[231, 166]
[232, 175]
[232, 171]
[232, 171]
[232, 168]
[232, 168]
[232, 169]
[232, 175]
[232, 174]
[232, 169]
[232, 169]
[232, 168]
[232, 168]
[232, 174]
[232, 174]
[232, 173]
[232, 173]
[232, 174]
[232, 174]
[232, 173]
[232, 167]
[232, 167]
[232, 164]
[232, 164]
[232, 174]
[232, 174]
[232, 174]
[232, 174]
[232, 174]
[232, 159]
[232, 159]
[232, 168]
[232, 167]
[232, 167]
[232, 164]
[232, 164]
[232, 164]
[232, 164]
[232, 171]
[232, 171]
[232, 173]
[232, 173]
[232, 162]
[232, 162]
[232, 165]
[232, 163]
[232, 163]
[232, 163]
[232, 163]
[232, 163]
[232, 163]
[232, 171]
[232, 171]
[232, 171]
[232, 171]
[232, 171]
[232, 166]
[232, 166]
[232, 166]
[232, 166]
[232, 166]
[231, 162]
[231, 162]
[232, 166]
[232, 166]
[232, 173]
[232, 173]
[232, 161]
[232, 162]
[232, 162]
[232, 161]
[232, 161]
[232, 162]
[232, 162]
[232, 155]
[232, 155]
[232, 168]
[232, 179]
[232, 179]
[232, 163]
[232, 163]
[232, 169]
[232, 171]
[232, 171]
[232, 169]
[232, 169]
[232, 171]
[232, 171]
[232, 172]
[232, 172]
[232, 170]
[232, 170]
[232, 171]
[232, 171]
[232, 171]
[232, 172]
[232, 172]
[232, 172]
[232, 172]
[232, 173]
[232, 172]
[232, 160]
[232, 161]
[232, 161]
[232, 162]
[232, 162]
[232, 162]
[232, 168]
[232, 168]
[232, 167]
[232, 167]
[232, 168]
[232, 168]
[232, 161]
[232, 161]
[232, 161]
[232, 160]
[232, 160]
[232, 168]
[232, 168]
[232, 171]
[232, 171]
[232, 169]
[232, 169]
[232, 168]
[232, 168]
[232, 168]
[232, 168]
[232, 168]
[232, 169]
[232, 169]
[232, 169]
[232, 168]
[232, 168]
[232, 167]
[232, 167]
[232, 168]
[232, 168]
[232, 168]
[232, 168]
[232, 168]
[232, 168]
[232, 168]
[232, 167]
[232, 167]
[232, 172]
[232, 172]
[232, 162]
[232, 162]
[233, 173]
[232, 171]
[232, 171]
[232, 172]
[232, 172]
[232, 171]
[232, 171]
[232, 171]
[232, 170]
[232, 171]
[232, 171]
[232, 171]
[232, 171]
[232, 171]
[232, 167]
[232, 165]
[232, 165]
[231, 165]
[231, 165]
[214, 156]
[214, 156]
[214, 150]
[214, 150]
[214, 153]
[214, 153]
[232, 170]
[232, 171]
[232, 171]
[232, 171]
[232, 171]
[214, 152]
[214, 152]
[214, 152]
[232, 157]
[232, 157]
[232, 173]
[232, 173]
[232, 167]
[232, 167]
[232, 173]
[232, 165]
[232, 165]
[232, 164]
[232, 164]
[232, 164]
[232, 164]
[232, 166]
[232, 166]
[232, 175]
[232, 175]
[232, 166]
[232, 166]
[232, 166]
[232, 166]
[232, 166]
[232, 165]
[232, 165]
[232, 161]
[232, 161]
[232, 161]
[232, 168]
[232, 168]
[232, 170]
[232, 171]
[232, 171]
[232, 162]
[232, 162]
[232, 162]
[232, 162]
[232, 161]
[232, 161]
[232, 169]
[232, 169]
[232, 170]
[232, 170]
[232, 164]
[232, 161]
[232, 161]
[232, 170]
[232, 170]
[232, 162]
[232, 162]
[232, 163]
[232, 171]
[232, 170]
[232, 169]
[232, 169]
[232, 171]
[232, 170]
[232, 170]
[214, 157]
[214, 157]
[232, 168]
[232, 168]
[232, 166]
[232, 166]
[232, 168]
[232, 168]
[232, 166]
[232, 166]
[232, 166]
[232, 165]
[232, 165]
[232, 171]
[232, 171]
[232, 172]
[232, 172]
[232, 174]
[232, 170]
[232, 170]
[214, 155]
[214, 155]
[231, 161]
[214, 153]
[214, 153]
[232, 169]
[232, 169]
[232, 173]
[232, 173]
[232, 173]
[232, 173]
[232, 173]
[232, 173]
[232, 173]
[233, 177]
[233, 177]
[232, 168]
[232, 168]
[232, 172]
[232, 172]
[232, 173]
[232, 173]
[214, 156]
[233, 178]
[233, 178]
[214, 154]
[214, 154]
[232, 165]
[232, 166]
[232, 166]
[232, 172]
[232, 172]
[232, 163]
[232, 163]
[232, 173]
[232, 173]
[232, 172]
[232, 165]
[232, 165]
[232, 165]
[232, 165]
[232, 165]
[232, 165]
[214, 155]
[214, 155]
[214, 155]
[214, 155]
[214, 155]
[214, 155]
[214, 155]
[232, 170]
[232, 170]
[214, 151]
[232, 171]
[232, 171]
[232, 172]
[232, 172]
[232, 171]
[232, 171]
[231, 158]
[231, 158]
[232, 165]
[232, 171]
[232, 171]
[214, 153]
[214, 153]
[232, 169]
[232, 169]
[232, 169]
[232, 169]
[232, 168]
[232, 168]
[232, 170]
[232, 169]
[232, 169]
[231, 169]
[231, 169]
[232, 169]
[232, 171]
[232, 171]
[232, 171]
[232, 171]
[232, 171]
[232, 171]
[232, 172]
[232, 171]
[232, 171]
[232, 172]
[232, 171]
[232, 160]
[232, 160]
[232, 171]
[232, 172]
[232, 172]
[232, 172]
[214, 155]
[214, 154]
[214, 154]
[232, 160]
[232, 160]
[232, 162]
[232, 162]
[232, 169]
[232, 168]
[232, 168]
[232, 168]
[232, 168]
[232, 168]
[232, 168]
[232, 168]
[232, 168]
[232, 168]
[232, 167]
[232, 167]
[232, 168]
[232, 168]
[232, 168]
[232, 168]
[232, 168]
[232, 168]
[232, 168]
[232, 168]
[232, 168]
[232, 168]
[232, 168]
[232, 168]
[232, 168]
[232, 167]
[232, 168]
[232, 168]
[232, 169]
[232, 169]
[232, 168]
[232, 168]
[232, 168]
[232, 170]
[232, 170]
[232, 169]
[232, 169]
[232, 168]
[232, 168]
[214, 149]
[214, 149]
[232, 168]
[232, 168]
[232, 164]
[233, 175]
[233, 175]
[232, 164]
[232, 164]
[232, 163]
[232, 163]
[232, 163]
[232, 173]
[232, 173]
[232, 160]
[232, 160]
[232, 163]
[232, 173]
[232, 174]
[232, 173]
[232, 173]
[232, 163]
[232, 163]
[232, 173]
[232, 173]
[232, 163]
[232, 163]
[232, 163]
[232, 163]
[232, 163]
[232, 162]
[232, 162]
[232, 162]
[232, 162]
[231, 162]
[231, 162]
[232, 163]
[232, 161]
[232, 161]
[232, 160]
[232, 160]
[232, 161]
[232, 162]
[232, 162]
[232, 153]
[232, 153]
[232, 163]
[232, 163]
[232, 162]
[232, 162]
[232, 163]
[232, 163]
[232, 162]
[232, 163]
[232, 163]
[232, 162]
[232, 162]
[232, 168]
[232, 168]
[232, 162]
[232, 162]
[232, 172]
[232, 173]
[232, 173]
[232, 161]
[232, 161]
[232, 173]
[232, 161]
[232, 161]
[232, 173]
[232, 173]
[232, 171]
[232, 171]
[232, 171]
[232, 171]
[233, 174]
[232, 160]
[232, 160]
[232, 168]
[232, 168]
[232, 169]
[232, 169]
[232, 170]
[232, 170]
[232, 167]
[232, 167]
[232, 167]
[214, 152]
[214, 152]
[232, 166]
[232, 166]
[232, 173]
[232, 167]
[232, 167]
[232, 167]
[232, 167]
[232, 167]
[232, 167]
[232, 167]
[232, 167]
[232, 167]
[232, 166]
[232, 166]
[232, 166]
[232, 166]
[232, 170]
[232, 170]
[232, 168]
[232, 168]
[232, 169]
[232, 169]
[232, 168]
[232, 169]
[232, 169]
[232, 168]
[232, 168]
[232, 169]
[232, 168]
[232, 168]
[232, 173]
[232, 174]
[232, 170]
[232, 170]
[232, 167]
[232, 166]
[232, 166]
[232, 174]
[232, 174]
[232, 161]
[232, 161]
[232, 172]
[232, 172]
[215, 152]
[215, 152]
[214, 152]
[214, 152]
[214, 152]
[232, 169]
[232, 169]
[214, 151]
[214, 151]
[214, 151]
[232, 173]
[232, 173]
[214, 152]
[214, 152]
[232, 172]
[232, 172]
[232, 173]
[232, 172]
[232, 172]
[232, 169]
[232, 169]
[232, 169]
[232, 169]
[232, 169]
[232, 169]
[232, 169]
[232, 169]
[232, 169]
[232, 169]
[232, 169]
[232, 176]
[232, 176]
[232, 175]
[232, 175]
[232, 169]
[232, 169]
[232, 169]
[232, 169]
[232, 169]
[232, 168]
[232, 168]
[232, 168]
[214, 152]
[214, 152]
[214, 153]
[214, 153]
[232, 169]
[232, 169]
[214, 154]
[214, 154]
[232, 169]
[232, 169]
[214, 154]
[232, 169]
[232, 169]
[232, 168]
[232, 168]
[232, 168]
[232, 168]
[232, 169]
[232, 169]
[232, 169]
[232, 159]
[232, 159]
[232, 173]
[232, 172]
[232, 172]
[232, 169]
[232, 169]
[232, 169]
[232, 169]
[232, 169]
[232, 169]
[232, 169]
[232, 169]
[232, 170]
[232, 170]
[232, 170]
[232, 170]
[232, 170]
[232, 168]
[232, 168]
[232, 166]
[232, 166]
[232, 166]
[232, 168]
[232, 168]
[232, 168]
[232, 168]
[232, 168]
[232, 168]
[232, 168]
[232, 168]
[232, 168]
[232, 168]
[232, 168]
[232, 169]
[232, 169]
[214, 152]
[214, 152]
[232, 166]
[232, 166]
[232, 166]
[232, 167]
[232, 167]
[232, 168]
[232, 168]
[232, 167]
[232, 167]
[232, 166]
[232, 169]
[232, 169]
[232, 163]
[232, 163]
[232, 173]
[232, 173]
[232, 173]
[232, 174]
[232, 174]
[232, 165]
[232, 165]
[232, 167]
[232, 167]
[232, 168]
[232, 169]
[232, 169]
[232, 168]
[232, 168]
[232, 169]
[232, 169]
[232, 168]
[232, 168]
[232, 174]
[232, 174]
[232, 165]
[232, 168]
[232, 168]
[232, 169]
[232, 169]
[232, 168]
[232, 168]
[232, 168]
[232, 169]
[232, 169]
[232, 170]
[232, 170]
[214, 154]
[214, 154]
[214, 154]
[232, 168]
[232, 169]
[232, 169]
[232, 169]
[232, 170]
[232, 170]
[232, 154]
[232, 154]
[232, 171]
[232, 171]
[232, 168]
[232, 168]
[232, 168]
[232, 169]
[232, 169]
[232, 171]
[232, 170]
[232, 170]
[232, 168]
[232, 168]
[232, 170]
[232, 170]
[232, 170]
[232, 168]
[232, 168]
[232, 169]
[232, 169]
[232, 165]
[232, 165]
[232, 168]
[232, 168]
[232, 160]
[232, 160]
[232, 160]
[232, 160]
[231, 158]
[232, 170]
[232, 170]
[232, 168]
[232, 168]
[232, 168]
[231, 158]
[231, 158]
[232, 168]
[232, 168]
[232, 169]
[232, 169]
[232, 170]
[232, 169]
[232, 169]
[232, 169]
[232, 168]
[232, 171]
[232, 171]
[232, 172]
[232, 172]
[232, 171]
[232, 171]
[232, 169]
[232, 170]
[232, 170]
[231, 153]
[231, 153]
[231, 154]
[231, 154]
[232, 166]
[232, 166]
[232, 166]
[232, 163]
[232, 163]
[232, 165]
[214, 149]
[214, 149]
[232, 165]
[232, 165]
[232, 166]
[232, 166]
[232, 166]
[232, 166]
[232, 166]
[232, 166]
[232, 166]
[232, 166]
[232, 158]
[214, 152]
[214, 152]
[214, 152]
[214, 152]
[214, 151]
[214, 151]
[233, 171]
[232, 170]
[232, 170]
[232, 170]
[232, 170]
[233, 171]
[232, 170]
[232, 170]
[232, 169]
[232, 169]
[232, 169]
[232, 169]
[232, 170]
[232, 170]
[232, 169]
[232, 169]
[232, 169]
[214, 155]
[214, 155]
[232, 166]
[232, 166]
[232, 165]
[232, 165]
[232, 166]
[232, 166]
[214, 154]
[214, 154]
[214, 154]
[231, 158]
[231, 158]
[232, 166]
[232, 166]
[232, 166]
[232, 166]
[232, 166]
[232, 166]
[232, 166]
[232, 169]
[232, 169]
[232, 170]
[232, 170]
[233, 173]
[232, 169]
[232, 169]
[232, 170]
[232, 170]
[232, 170]
[232, 170]
[232, 170]
[232, 171]
[232, 164]
[232, 168]
[232, 168]
[232, 171]
[232, 171]
[232, 170]
[232, 171]
[232, 171]
[232, 171]
[232, 171]
[232, 170]
[232, 170]
[232, 170]
[232, 170]
[232, 170]
[232, 165]
[232, 165]
[232, 164]
[232, 164]
[232, 170]
[232, 170]
[232, 170]
[232, 170]
[232, 168]
[232, 168]
[232, 169]
[232, 169]
[232, 169]
[232, 160]
[232, 160]
[233, 170]
[233, 170]
[233, 170]
[233, 170]
[233, 170]
[232, 164]
[233, 169]
[233, 170]
[233, 170]
[232, 165]
[233, 170]
[233, 170]
[233, 170]
[233, 170]
[233, 170]
[233, 170]
[232, 169]
[232, 169]
[232, 170]
[232, 170]
[232, 168]
[232, 170]
[232, 170]
[232, 170]
[232, 170]
[232, 170]
[232, 169]
[232, 169]
[232, 170]
[232, 170]
[232, 162]
[232, 162]
[214, 153]
[232, 170]
[232, 170]
[232, 169]
[232, 169]
[232, 163]
[232, 163]
[232, 162]
[232, 162]
[232, 169]
[232, 169]
[232, 161]
[232, 161]
[232, 170]
[232, 169]
[232, 169]
[232, 170]
[232, 170]
[232, 171]
[232, 171]
[232, 171]
[232, 170]
[232, 170]
[232, 174]
[232, 174]
[232, 171]
[232, 163]
[232, 163]
[232, 163]
[232, 163]
[232, 170]
[232, 170]
[232, 170]
[232, 170]
[232, 170]
[232, 170]
[232, 170]
[232, 161]
[232, 161]
[232, 161]
[232, 161]
[232, 169]
[232, 169]
[232, 161]
[232, 161]
[232, 161]
[232, 161]
[232, 161]
[232, 162]
[232, 161]
[232, 161]
[232, 161]
[232, 161]
[232, 161]
[232, 161]
[232, 169]
[232, 168]
[232, 165]
[232, 165]
[214, 152]
[214, 152]
[232, 166]
[232, 166]
[232, 166]
[214, 154]
[214, 154]
[232, 166]
[232, 166]
[232, 170]
[232, 170]
[232, 170]
[232, 166]
[232, 166]
[232, 170]
[232, 167]
[232, 167]
[232, 167]
[232, 167]
[232, 166]
[232, 166]
[232, 168]
[232, 168]
[232, 169]
[232, 169]
[232, 168]
[232, 168]
[232, 168]
[232, 167]
[232, 167]
[232, 166]
[232, 166]
[232, 165]
[232, 165]
[232, 166]
[214, 151]
[214, 151]
[232, 162]
[232, 162]
[232, 166]
[214, 152]
[214, 152]
[232, 169]
[232, 169]
[232, 169]
[232, 169]
[214, 152]
[214, 152]
[232, 165]
[232, 166]
[232, 163]
[231, 160]
[231, 160]
[232, 169]
[232, 169]
[232, 168]
[232, 168]
[232, 167]
[232, 167]
[232, 168]
[214, 150]
[214, 150]
[214, 150]
[214, 150]
[232, 163]
[232, 163]
[232, 163]
[232, 164]
[232, 164]
[232, 165]
[232, 165]
[232, 165]
[232, 165]
[232, 165]
[232, 163]
[232, 163]
[232, 161]
[232, 161]
[232, 161]
[232, 161]
[232, 170]
[232, 170]
[232, 167]
[232, 167]
[232, 167]
[232, 167]
[232, 167]
[232, 163]
[232, 163]
[232, 155]
[214, 149]
[214, 149]
[214, 149]
[214, 149]
[214, 155]
[214, 155]
[214, 155]
[214, 155]
[232, 163]
[232, 172]
[232, 172]
[232, 162]
[232, 162]
[232, 170]
[232, 170]
[232, 168]
[232, 168]
[232, 169]
[232, 169]
[232, 166]
[232, 170]
[232, 170]
[232, 170]
[232, 170]
[232, 162]
[232, 170]
[232, 170]
[232, 166]
[232, 166]
[232, 166]
[232, 166]
[232, 161]
[232, 168]
[232, 168]
[232, 168]
[232, 168]
[215, 153]
[215, 153]
[232, 161]
[232, 161]
[232, 161]
[232, 162]
[232, 162]
[232, 162]
[232, 162]
[232, 162]
[232, 162]
[232, 163]
[232, 163]
[232, 163]
[232, 162]
[232, 162]
[232, 162]
[232, 162]
[232, 161]
[232, 161]
[232, 169]
[232, 170]
[232, 170]
[232, 169]
[232, 169]
[232, 167]
[232, 167]
[232, 167]
[232, 167]
[232, 166]
[232, 166]
[232, 166]
[232, 165]
[232, 165]
[231, 162]
[231, 162]
[232, 163]
[232, 163]
[232, 169]
[232, 168]
[232, 168]
[232, 169]
[232, 169]
[232, 168]
[232, 168]
[232, 168]
[232, 169]
[232, 169]
[232, 170]
[232, 170]
[232, 170]
[232, 170]
[232, 169]
[232, 169]
[232, 169]
[232, 169]
[232, 169]
[232, 168]
[232, 168]
[232, 174]
[232, 174]
[232, 170]
[232, 170]
[232, 171]
[232, 170]
[232, 170]
[232, 170]
[232, 170]
[232, 161]
[214, 149]
[214, 149]
[232, 162]
[232, 162]
[232, 173]
[232, 173]
[232, 166]
[232, 166]
[214, 154]
[214, 154]
[232, 165]
[214, 156]
[214, 156]
[214, 155]
[214, 155]
[214, 155]
[214, 155]
[232, 169]
[232, 169]
[214, 153]
[232, 168]
[232, 168]
[232, 168]
[232, 168]
[232, 168]
[232, 164]
[232, 164]
[214, 151]
[214, 151]
[214, 152]
[214, 152]
[214, 151]
[214, 151]
[232, 170]
[232, 170]
[232, 169]
[232, 169]
[232, 169]
[232, 164]
[232, 164]
[232, 168]
[232, 168]
[232, 167]
[232, 167]
[232, 164]
[232, 168]
[232, 168]
[232, 168]
[232, 168]
[232, 168]
[232, 167]
[232, 167]
[214, 151]
[214, 151]
[232, 168]
[232, 168]
[232, 170]
[232, 170]
[232, 171]
[232, 170]
[232, 170]
[232, 168]
[232, 168]
[232, 169]
[232, 169]
[232, 170]
[232, 170]
[232, 170]
[232, 170]
[232, 173]
[232, 168]
[232, 168]
[232, 168]
[232, 168]
[232, 169]
[214, 151]
[214, 151]
[214, 153]
[214, 153]
[214, 153]
[214, 153]
[215, 151]
[215, 151]
[232, 163]
[232, 163]
[232, 163]
[232, 163]
[232, 163]
[232, 163]
[232, 163]
[232, 164]
[232, 164]
[232, 169]
[232, 169]
[232, 169]
[232, 169]
[232, 169]
[232, 169]
[232, 169]
[232, 170]
[232, 169]
[232, 169]
[232, 166]
[232, 166]
[232, 168]
[232, 168]
[214, 154]
[214, 153]
[214, 153]
[214, 151]
[214, 151]
[214, 153]
[214, 153]
[214, 151]
[214, 151]
[214, 151]
[214, 151]
[214, 150]
[214, 150]
[214, 151]
[232, 159]
[232, 159]
[232, 160]
[232, 160]
[232, 166]
[232, 165]
[232, 165]
[232, 165]
[232, 165]
[232, 165]
[232, 165]
[232, 166]
[232, 165]
[232, 165]
[232, 167]
[232, 167]
[232, 166]
[232, 166]
[232, 166]
[232, 166]
[232, 171]
[232, 171]
[232, 172]
[232, 168]
[232, 168]
[232, 172]
[232, 172]
[232, 171]
[232, 171]
[232, 166]
[214, 152]
[214, 152]
[232, 172]
[232, 172]
[232, 163]
[232, 163]
[232, 167]
[232, 163]
[232, 163]
[232, 165]
[232, 165]
[232, 171]
[232, 171]
[232, 168]
[232, 168]
[232, 164]
[232, 164]
[232, 165]
[232, 165]
[232, 165]
[232, 166]
[232, 166]
[232, 166]
[232, 166]
[232, 165]
[232, 166]
[232, 166]
[232, 166]
[232, 166]
[232, 166]
[232, 165]
[232, 165]
[232, 165]
[232, 165]
[232, 166]
[232, 166]
[233, 175]
[233, 175]
[232, 165]
[232, 165]
[233, 167]
[233, 166]
[233, 166]
[214, 150]
[214, 150]
[232, 177]
[232, 177]
[232, 164]
[232, 164]
[231, 155]
[232, 166]
[232, 166]
[232, 163]
[232, 163]
[232, 164]
[232, 164]
[232, 164]
[232, 163]
[232, 163]
[232, 166]
[232, 166]
[232, 165]
[232, 165]
[232, 167]
[232, 167]
[232, 168]
[232, 166]
[232, 166]
[232, 166]
[232, 166]
[232, 160]
[232, 160]
[232, 159]
[232, 159]
[232, 159]
[232, 170]
[232, 171]
[232, 169]
[232, 169]
[232, 168]
[232, 168]
[232, 168]
[232, 168]
[232, 168]
[232, 169]
[232, 169]
[232, 170]
[232, 170]
[232, 170]
[232, 170]
[232, 170]
[232, 170]
[232, 170]
[232, 170]
[232, 170]
[232, 169]
[232, 163]
[232, 161]
[232, 161]
[232, 171]
[232, 172]
[232, 172]
[232, 167]
[232, 167]
[232, 173]
[232, 171]
[232, 171]
[232, 171]
[232, 171]
[232, 172]
[232, 172]
[232, 170]
[232, 170]
[232, 169]
[232, 171]
[232, 171]
[232, 171]
[232, 171]
[232, 169]
[232, 169]
[232, 172]
[232, 172]
[232, 171]
[232, 171]
[232, 171]
[232, 170]
[232, 170]
[232, 169]
[232, 169]
[232, 168]
[232, 168]
[232, 168]
[232, 166]
[232, 166]
[232, 167]
[232, 167]
[232, 169]
[232, 168]
[232, 168]
[232, 168]
[232, 168]
[232, 162]
[232, 162]
[232, 161]
[232, 161]
[232, 160]
[232, 160]
[232, 166]
[232, 167]
[232, 167]
[232, 167]
[232, 167]
[232, 168]
[232, 168]
[232, 168]
[232, 168]
[232, 168]
[232, 168]
[232, 168]
[232, 166]
[232, 166]
[232, 167]
[232, 171]
[232, 171]
[232, 170]
[232, 170]
[232, 170]
[232, 170]
[232, 159]
[232, 159]
[232, 169]
[232, 169]
[232, 169]
[233, 169]
[233, 169]
[232, 170]
[232, 170]
[232, 169]
[232, 169]
[232, 170]
[232, 170]
[232, 170]
[232, 163]
[232, 163]
[232, 166]
[232, 166]
[232, 166]
[232, 165]
[232, 165]
[213, 146]
[213, 146]
[214, 155]
[214, 155]
[232, 167]
[232, 167]
[214, 151]
[214, 151]
[214, 155]
[214, 154]
[214, 154]
[214, 154]
[214, 154]
[214, 154]
[214, 154]
[214, 154]
[214, 152]
[214, 152]
[233, 169]
[233, 169]
[232, 162]
[214, 153]
[214, 153]
[232, 165]
[232, 165]
[232, 163]
[232, 163]
[232, 169]
[232, 169]
[232, 172]
[232, 172]
[214, 151]
[232, 169]
[232, 169]
[232, 166]
[232, 166]
[232, 169]
[232, 169]
[214, 150]
[214, 150]
[232, 169]
[232, 169]
[232, 168]
[232, 168]
[232, 168]
[232, 166]
[232, 167]
[232, 167]
[232, 162]
[232, 162]
[232, 169]
[232, 169]
[232, 168]
[232, 168]
[232, 161]
[232, 161]
[232, 162]
[232, 170]
[232, 170]
[214, 154]
[214, 154]
[232, 170]
[232, 170]
[214, 154]
[214, 154]
[232, 169]
[232, 168]
[232, 168]
[232, 168]
[232, 168]
[232, 169]
[214, 149]
[214, 149]
[232, 166]
[232, 166]
[232, 166]
[232, 166]
[232, 166]
[232, 166]
[232, 165]
[232, 166]
[232, 166]
[232, 165]
[232, 165]
[232, 168]
[232, 168]
[232, 168]
[232, 168]
[232, 169]
[232, 169]
[214, 154]
[232, 162]
[232, 162]
[214, 154]
[214, 154]
[232, 162]
[232, 169]
[232, 169]
[214, 154]
[214, 154]
[232, 162]
[232, 162]
[232, 169]
[232, 169]
[232, 166]
[232, 162]
[232, 162]
[232, 167]
[232, 167]
[214, 151]
[214, 152]
[214, 152]
[214, 152]
[232, 168]
[232, 168]
[231, 159]
[232, 169]
[232, 169]
[232, 167]
[232, 167]
[232, 166]
[214, 152]
[214, 152]
[232, 161]
[232, 161]
[231, 160]
[231, 160]
[233, 170]
[232, 166]
[232, 166]
[232, 166]
[232, 166]
[232, 169]
[232, 169]
[232, 170]
[232, 170]
[232, 171]
[232, 171]
[232, 172]
[232, 163]
[232, 163]
[232, 168]
[232, 168]
[232, 163]
[232, 163]
[232, 173]
[232, 174]
[232, 174]
[232, 172]
[232, 172]
[232, 173]
[232, 173]
[232, 173]
[232, 170]
[232, 170]
[232, 173]
[232, 173]
[232, 167]
[232, 167]
[232, 174]
[232, 174]
[232, 168]
[232, 168]
[232, 168]
[232, 169]
[232, 169]
[214, 157]
[214, 157]
[232, 171]
[232, 171]
[232, 168]
[232, 168]
[232, 168]
[232, 169]
[232, 169]
[232, 168]
[232, 168]
[232, 170]
[232, 170]
[232, 170]
[232, 171]
[232, 171]
[232, 170]
[232, 170]
[232, 171]
[232, 171]
[232, 170]
[232, 170]
[232, 170]
[232, 170]
[232, 170]
[232, 169]
[232, 169]
[232, 169]
[232, 169]
[232, 169]
[232, 169]
[232, 169]
[232, 169]
[232, 169]
[232, 169]
[232, 169]
[232, 169]
[232, 169]
[232, 169]
[232, 169]
[232, 169]
[232, 168]
[232, 168]
[232, 168]
[232, 168]
[232, 170]
[232, 167]
[232, 167]
[232, 167]
[232, 167]
[232, 168]
[232, 168]
[232, 168]
[232, 168]
[232, 169]
[232, 169]
[232, 169]
[232, 162]
[232, 162]
[232, 162]
[232, 169]
[232, 169]
[232, 169]
[232, 169]
[232, 168]
[232, 168]
[232, 169]
[232, 169]
[231, 159]
[231, 159]
[231, 159]
[232, 166]
[232, 166]
[232, 161]
[232, 161]
[232, 170]
[232, 170]
[232, 171]
[232, 171]
[232, 170]
[232, 172]
[232, 172]
[232, 171]
[232, 171]
[232, 171]
[232, 171]
[232, 171]
[232, 171]
[232, 171]
[232, 165]
[232, 165]
[232, 164]
[232, 164]
[232, 164]
[232, 166]
[232, 166]
[232, 163]
[232, 163]
[232, 165]
[232, 165]
[232, 166]
[232, 166]
[232, 167]
[232, 167]
[232, 171]
[232, 166]
[232, 166]
[232, 171]
[232, 171]
[232, 168]
[232, 167]
[232, 167]
[214, 152]
[214, 152]
[214, 152]
[214, 152]
[232, 170]
[232, 169]
[232, 169]
[232, 160]
[232, 160]
[232, 170]
[232, 170]
[232, 170]
[232, 170]
[232, 170]
[232, 170]
[214, 151]
[214, 151]
[232, 170]
[231, 158]
[231, 158]
[214, 152]
[214, 152]
[231, 158]
[232, 162]
[232, 162]
[232, 170]
[232, 170]
[232, 162]
[232, 162]
[232, 162]
[232, 162]
[232, 162]
[232, 162]
[232, 162]
[232, 166]
[232, 166]
[232, 162]
[232, 162]
[232, 162]
[232, 162]
[232, 161]
[232, 161]
[232, 161]
[232, 163]
[232, 163]
[232, 163]
[232, 163]
[232, 168]
[232, 162]
[232, 161]
[232, 161]
[232, 161]
[232, 168]
[232, 168]
[232, 168]
[232, 169]
[232, 169]
[232, 169]
[232, 169]
[232, 161]
[232, 161]
[214, 152]
[214, 152]
[232, 169]
[232, 169]
[232, 169]
[232, 169]
[232, 169]
[232, 168]
[232, 168]
[232, 169]
[232, 169]
[214, 153]
[214, 153]
[214, 153]
[232, 166]
[232, 166]
[232, 167]
[232, 167]
[232, 167]
[232, 168]
[232, 168]
[232, 168]
[232, 168]
[214, 150]
[214, 152]
[232, 173]
[232, 173]
[232, 162]
[232, 162]
[232, 163]
[232, 173]
[232, 173]
[232, 165]
[232, 165]
[232, 167]
[232, 167]
[232, 160]
[232, 167]
[232, 167]
[232, 170]
[232, 170]
[232, 167]
[232, 167]
[214, 151]
[214, 154]
[214, 154]
[214, 153]
[214, 153]
[232, 160]
[232, 160]
[231, 160]
[231, 160]
[232, 168]
[232, 165]
[232, 165]
[232, 165]
[232, 165]
[214, 153]
[214, 153]
[214, 154]
[214, 154]
[214, 153]
[232, 162]
[232, 162]
[232, 162]
[232, 162]
[232, 162]
[232, 170]
[232, 170]
[232, 163]
[232, 163]
[232, 165]
[232, 165]
[232, 163]
[232, 163]
[232, 166]
[232, 166]
[232, 167]
[232, 163]
[232, 163]
[232, 167]
[232, 167]
[232, 162]
[232, 162]
[232, 160]
[232, 160]
[232, 161]
[232, 166]
[232, 166]
[232, 167]
[232, 167]
[232, 160]
[232, 161]
[232, 161]
[232, 161]
[232, 161]
[232, 160]
[232, 159]
[232, 168]
[232, 168]
[232, 167]
[232, 168]
[232, 168]
[232, 168]
[232, 168]
[232, 163]
[232, 163]
[232, 161]
[232, 161]
[214, 154]
[214, 154]
[232, 168]
[232, 168]
[232, 168]
[232, 168]
[232, 168]
[232, 168]
[232, 169]
[232, 169]
[232, 168]
[232, 168]
[232, 168]
[232, 168]
[232, 160]
[232, 160]
[232, 175]
[232, 158]
[232, 158]
[214, 152]
[214, 152]
[232, 159]
[232, 159]
[214, 151]
[214, 151]
[214, 149]
[214, 149]
[232, 169]
[232, 169]
[232, 169]
[232, 169]
[232, 169]
[232, 171]
[232, 161]
[232, 161]
[232, 169]
[232, 169]
[232, 160]
[232, 160]
[232, 171]
[232, 169]
[232, 169]
[232, 170]
[232, 170]
[232, 170]
[232, 170]
[232, 167]
[232, 167]
[214, 150]
[214, 150]
[233, 172]
[233, 172]
[214, 150]
[232, 171]
[232, 171]
[232, 171]
[232, 171]
[231, 159]
[232, 176]
[232, 176]
[232, 163]
[232, 163]
[232, 158]
[232, 158]
[232, 157]
[232, 168]
[232, 168]
[232, 168]
[232, 168]
[232, 170]
[232, 170]
[232, 171]
[232, 171]
[232, 169]
[232, 169]
[232, 171]
[232, 170]
[232, 170]
[213, 149]
[213, 149]
[213, 149]
[213, 149]
[232, 169]
[232, 169]
[232, 169]
[232, 171]
[232, 171]
[232, 174]
[232, 174]
[232, 170]
[232, 170]
[232, 170]
[232, 170]
[232, 170]
[232, 170]
[232, 170]
[232, 169]
[232, 169]
[214, 155]
[232, 168]
[232, 168]
[233, 170]
[233, 170]
[232, 170]
[232, 170]
[232, 171]
[232, 171]
[232, 165]
[232, 171]
[232, 171]
[232, 166]
[232, 166]
[232, 167]
[232, 167]
[232, 167]
[214, 152]
[214, 152]
[214, 152]
[214, 152]
[232, 171]
[232, 171]
[214, 152]
[214, 152]
[214, 153]
[232, 172]
[232, 172]
[232, 171]
[232, 171]
[232, 170]
[232, 170]
[232, 170]
[232, 170]
[214, 153]
[232, 168]
[232, 168]
[232, 168]
[232, 168]
[232, 168]
[232, 168]
[232, 165]
[232, 170]
[232, 170]
[232, 167]
[232, 167]
[232, 172]
[232, 172]
[232, 170]
[232, 170]
[232, 170]
[231, 166]
[231, 166]
[232, 166]
[232, 166]
[232, 166]
[232, 166]
[232, 165]
[232, 165]
[232, 159]
[232, 159]
[232, 159]
[232, 159]
[232, 159]
[232, 168]
[232, 151]
[232, 151]
[232, 168]
[232, 168]
[232, 168]
[232, 168]
[232, 174]
[232, 174]
[232, 168]
[233, 173]
[233, 173]
[231, 158]
[231, 158]
[232, 168]
[232, 168]
[232, 168]
[232, 168]
[231, 158]
[231, 158]
[231, 159]
[232, 166]
[232, 166]
[214, 158]
[214, 158]
[232, 167]
[232, 168]
[232, 168]
[232, 169]
[232, 169]
[232, 170]
[232, 170]
[232, 167]
[232, 167]
[232, 166]
[232, 169]
[232, 169]
[232, 166]
[232, 166]
[232, 161]
[232, 161]
[232, 162]
[232, 162]
[232, 159]
[232, 159]
[232, 166]
[232, 160]
[232, 160]
[232, 161]
[232, 161]
[232, 158]
[232, 158]
[232, 158]
[232, 158]
[232, 158]
[232, 162]
[232, 162]
[232, 160]
[231, 155]
[231, 155]
[232, 157]
[232, 157]
[232, 171]
[232, 171]
[232, 174]
[232, 174]
[232, 175]
[232, 175]
[232, 169]
[232, 170]
[232, 170]
[232, 169]
[232, 169]
[232, 169]
[232, 169]
[232, 169]
[232, 170]
[232, 170]
[232, 169]
[232, 169]
[232, 170]
[232, 170]
[232, 170]
[232, 169]
[232, 169]
[232, 165]
[232, 165]
[232, 166]
[232, 166]
[232, 170]
[232, 170]
[232, 166]
[232, 166]
[232, 169]
[232, 161]
[232, 161]
[232, 170]
[232, 170]
[232, 170]
[232, 170]
[232, 170]
[232, 170]
[232, 170]
[232, 171]
[232, 171]
[232, 170]
[232, 170]
[232, 170]
[232, 170]
[232, 170]
[214, 153]
[214, 153]
[232, 170]
[232, 170]
[232, 159]
[232, 159]
[232, 159]
[232, 162]
[232, 162]
[232, 170]
[232, 170]
[232, 170]
[232, 170]
[232, 168]
[232, 168]
[232, 168]
[232, 168]
[232, 168]
[232, 168]
[232, 168]
[232, 168]
[232, 168]
[232, 170]
[232, 169]
[232, 169]
[232, 170]
[232, 170]
[232, 161]
[232, 161]
[232, 170]
[232, 170]
[232, 170]
[232, 170]
[232, 170]
[232, 169]
[232, 169]
[232, 169]
[232, 169]
[232, 169]
[232, 169]
[232, 169]
[232, 171]
[232, 171]
[232, 169]
[232, 169]
[232, 169]
[232, 169]
[232, 170]
[232, 169]
[232, 169]
[232, 169]
[232, 169]
[214, 150]
[214, 150]
[231, 167]
[232, 162]
[232, 162]
[232, 162]
[232, 162]
[232, 165]
[232, 165]
[232, 163]
[232, 163]
[214, 154]
[214, 154]
[232, 162]
[232, 162]
[232, 162]
[232, 161]
[232, 161]
[214, 152]
[214, 152]
[214, 152]
[232, 159]
[232, 159]
[232, 167]
[232, 167]
[232, 167]
[232, 167]
[232, 168]
[232, 168]
[232, 168]
[232, 169]
[232, 169]
[232, 164]
[232, 164]
[232, 168]
[232, 168]
[232, 169]
[232, 169]
[214, 151]
[232, 162]
[232, 162]
[233, 176]
[233, 176]
[232, 165]
[232, 170]
[232, 170]
[214, 152]
[214, 152]
[232, 170]
[232, 170]
[232, 169]
[232, 169]
[232, 171]
[232, 173]
[232, 173]
[232, 171]
[232, 171]
[232, 170]
[232, 170]
[232, 170]
[232, 170]
[232, 172]
[232, 172]
[232, 169]
[232, 172]
[232, 172]
[232, 170]
[232, 173]
[232, 169]
[232, 169]
[232, 169]
[232, 171]
[232, 170]
[232, 172]
[232, 172]
[232, 169]
[232, 169]
[232, 169]
[232, 166]
[232, 166]
[232, 171]
[232, 171]
[232, 170]
[232, 170]
[232, 171]
[232, 170]
[232, 171]
[232, 171]
[232, 171]
[232, 169]
[232, 169]
[232, 171]
[232, 171]
[232, 172]
[232, 171]
[232, 171]
[232, 169]
[232, 169]
[232, 168]
[232, 168]
[232, 169]
[232, 168]
[232, 168]
[232, 162]
[232, 162]
[232, 162]
[232, 162]
[232, 161]
[232, 161]
[232, 161]
[232, 161]
[232, 167]
[232, 167]
[232, 167]
[232, 168]
[232, 168]
[232, 162]
[232, 162]
[232, 166]
[232, 167]
[232, 167]
[232, 173]
[232, 173]
[232, 161]
[232, 161]
[232, 160]
[232, 167]
[232, 167]
[232, 166]
[232, 166]
[232, 166]
[232, 166]
[232, 175]
[232, 175]
[232, 169]
[232, 157]
[232, 157]
[232, 167]
[232, 167]
[232, 158]
[232, 158]
[231, 160]
[231, 160]
[231, 160]
[232, 160]
[232, 160]
[231, 160]
[231, 159]
[232, 162]
[232, 162]
[232, 160]
[232, 160]
[232, 160]
[232, 161]
[232, 161]
[232, 168]
[232, 168]
[232, 168]
[232, 168]
[232, 168]
[232, 168]
[232, 168]
[232, 168]
[232, 168]
[232, 168]
[232, 168]
[232, 169]
[232, 169]
[232, 169]
[232, 169]
[232, 169]
[214, 155]
[214, 155]
[214, 154]
[214, 154]
[232, 166]
[214, 153]
[214, 153]
[232, 176]
[232, 176]
[232, 170]
[232, 170]
[232, 176]
[232, 172]
[232, 172]
[232, 183]
[232, 183]
[232, 174]
[232, 174]
[232, 184]
[232, 184]
[232, 175]
[232, 175]
[232, 176]
[232, 176]
[232, 176]
[232, 172]
[232, 172]
[232, 175]
[232, 175]
[232, 168]
[232, 174]
[232, 174]
[232, 171]
[232, 171]
[232, 171]
[232, 171]
[232, 171]
[232, 170]
[232, 170]
[232, 172]
[232, 172]
[232, 172]
[232, 171]
[232, 173]
[232, 173]
[232, 173]
[232, 173]
[232, 171]
[232, 175]
[232, 175]
[232, 173]
[232, 173]
[232, 175]
[232, 173]
[232, 173]
[232, 175]
[232, 175]
[232, 174]
[232, 174]
[232, 174]
[232, 174]
[232, 174]
[232, 174]
[232, 174]
[232, 171]
[232, 171]
[232, 172]
[232, 172]
[232, 170]
[232, 170]
[232, 169]
[232, 169]
[232, 170]
[232, 170]
[232, 170]
[232, 170]
[232, 170]
[232, 173]
[232, 174]
[232, 174]
[232, 170]
[232, 169]
[232, 171]
[232, 171]
[232, 168]
[232, 176]
[232, 176]
[232, 177]
[232, 177]
[232, 170]
[232, 170]
[214, 161]
[214, 161]
[232, 178]
[232, 178]
[232, 177]
[232, 177]
[232, 177]
[232, 169]
[232, 169]
[232, 168]
[232, 168]
[232, 169]
[232, 169]
[232, 169]
[232, 169]
[232, 169]
[232, 169]
[232, 169]
[232, 169]
[232, 170]
[232, 170]
[232, 169]
[232, 169]
[231, 168]
[231, 168]
[232, 165]
[232, 165]
[232, 167]
[232, 167]
[232, 169]
[232, 168]
[232, 168]
[232, 167]
[232, 167]
[232, 168]
[232, 168]
[232, 168]
[231, 168]
[231, 168]
[232, 168]
[232, 168]
[232, 169]
[232, 169]
[232, 170]
[232, 168]
[232, 168]
[232, 173]
[232, 173]
[232, 169]
[232, 169]
[232, 172]
[232, 172]
[232, 172]
[232, 172]
[232, 173]
[232, 169]
[232, 169]
[232, 168]
[232, 168]
[231, 165]
[231, 165]
[232, 167]
[232, 168]
[232, 168]
[232, 169]
[232, 169]
[232, 170]
[232, 170]
[232, 169]
[232, 169]
[232, 169]
[232, 163]
[232, 163]
[232, 169]
[232, 169]
[232, 162]
[232, 162]
[232, 162]
[232, 169]
[232, 169]
[232, 169]
[232, 169]
[232, 169]
[232, 169]
[232, 169]
[232, 169]
[233, 179]
[233, 179]
[233, 179]
[232, 168]
[232, 168]
[232, 168]
[232, 168]
[232, 168]
[232, 168]
[232, 168]
[232, 168]
[232, 168]
[232, 168]
[232, 168]
[232, 169]
[232, 169]
[232, 168]
[232, 168]
[232, 168]
[232, 168]
[232, 168]
[232, 167]
[232, 167]
[232, 167]
[232, 167]
[232, 167]
[231, 157]
[231, 157]
[232, 169]
[232, 169]
[232, 169]
[232, 169]
[232, 169]
[232, 177]
[232, 177]
[232, 164]
[232, 164]
[232, 168]
[232, 168]
[232, 163]
[232, 163]
[232, 163]
[232, 170]
[232, 170]
[232, 170]
[232, 170]
[232, 162]
[232, 162]
[232, 169]
[232, 169]
[232, 167]
[232, 167]
[232, 167]
[232, 166]
[232, 166]
[232, 170]
[232, 169]
[232, 169]
[232, 170]
[232, 170]
[214, 152]
[214, 152]
[214, 152]
[213, 152]
[213, 152]
[232, 170]
[232, 170]
[232, 170]
[232, 170]
[232, 169]
[232, 169]
[232, 168]
[232, 168]
[232, 170]
[232, 170]
[232, 170]
[231, 166]
[231, 166]
[213, 150]
[213, 150]
[232, 166]
[232, 166]
[232, 166]
[232, 165]
[232, 165]
[231, 165]
[231, 165]
[232, 166]
[232, 165]
[232, 165]
[232, 166]
[232, 166]
[232, 168]
[232, 168]
[232, 167]
[232, 167]
[232, 167]
[232, 167]
[232, 167]
[232, 167]
[232, 167]
[214, 155]
[214, 155]
[232, 167]
[232, 167]
[232, 168]
[232, 172]
[232, 172]
[232, 165]
[232, 165]
[232, 166]
[232, 166]
[232, 167]
[232, 161]
[232, 161]
[232, 162]
[232, 162]
[232, 167]
[232, 167]
[232, 163]
[232, 163]
[232, 169]
[232, 169]
[232, 172]
[232, 173]
[232, 173]
[232, 168]
[232, 168]
[232, 168]
[232, 168]
[232, 172]
[232, 165]
[232, 165]
[232, 164]
[232, 164]
[232, 172]
[232, 172]
[232, 163]
[231, 161]
[231, 161]
[232, 164]
[232, 164]
[232, 166]
[232, 166]
[232, 169]
[232, 170]
[232, 172]
[214, 153]
[214, 153]
[232, 171]
[232, 171]
[232, 172]
[232, 172]
[232, 170]
[232, 170]
[232, 171]
[232, 171]
[232, 171]
[232, 171]
[232, 171]
[232, 170]
[232, 170]
[232, 161]
[232, 172]
[232, 172]
[232, 170]
[232, 170]
[232, 171]
[232, 171]
[232, 170]
[232, 170]
[232, 161]
[232, 170]
[232, 170]
[232, 170]
[232, 170]
[232, 171]
[232, 171]
[232, 170]
[232, 170]
[214, 157]
[214, 157]
[214, 157]
[232, 169]
[232, 169]
[232, 169]
[232, 169]
[232, 162]
[232, 166]
[232, 166]
[232, 166]
[232, 166]
[232, 167]
[232, 167]
[232, 167]
[232, 167]
[232, 167]
[232, 162]
[232, 162]
[232, 161]
[232, 161]
[232, 168]
[232, 168]
[232, 167]
[232, 167]
[232, 167]
[232, 165]
[232, 165]
[232, 166]
[232, 166]
[232, 169]
[232, 169]
[232, 170]
[232, 170]
[232, 170]
[232, 170]
[232, 170]
[232, 171]
[232, 171]
[232, 172]
[232, 168]
[232, 168]
[232, 168]
[232, 168]
[232, 168]
[232, 168]
[232, 168]
[232, 168]
[232, 166]
[232, 166]
[232, 166]
[232, 166]
[232, 166]
[232, 173]
[232, 173]
[232, 173]
[232, 173]
[232, 173]
[232, 174]
[232, 174]
[232, 174]
[232, 174]
[232, 163]
[232, 170]
[232, 170]
[232, 165]
[232, 165]
[233, 174]
[233, 174]
[232, 170]
[232, 170]
[232, 173]
[232, 173]
[232, 169]
[232, 169]
[232, 168]
[232, 169]
[232, 169]
[232, 166]
[232, 166]
[232, 171]
[232, 165]
[232, 165]
[232, 169]
[232, 169]
[232, 169]
[232, 169]
[232, 170]
[232, 169]
[232, 169]
[232, 170]
[232, 170]
[232, 165]
[232, 165]
[232, 166]
[232, 166]
[232, 166]
[232, 166]
[232, 167]
[232, 166]
[232, 166]
[232, 173]
[232, 173]
[232, 165]
[232, 165]
[232, 172]
[232, 172]
[232, 172]
[232, 169]
[232, 169]
[232, 169]
[232, 169]
[232, 169]
[231, 168]
[231, 168]
[232, 174]
[232, 174]
[232, 169]
[232, 169]
[232, 169]
[232, 169]
[232, 168]
[232, 168]
[232, 168]
[232, 177]
[232, 177]
[232, 177]
[232, 177]
[232, 177]
[232, 177]
[232, 174]
[232, 169]
[232, 169]
[232, 167]
[232, 167]
[232, 167]
[232, 167]
[232, 167]
[232, 166]
[232, 166]
[232, 167]
[232, 167]
[232, 167]
[232, 167]
[232, 156]
[232, 156]
[231, 160]
[232, 159]
[232, 158]
[214, 154]
[214, 154]
[232, 175]
[232, 175]
[232, 168]
[232, 168]
[232, 167]
[214, 153]
[214, 153]
[232, 160]
[232, 160]
[232, 166]
[232, 166]
[232, 168]
[232, 168]
[232, 168]
[232, 169]
[232, 169]
[232, 169]
[232, 169]
[232, 168]
[232, 168]
[232, 168]
[232, 169]
[232, 169]
[232, 169]
[232, 169]
[232, 170]
[232, 170]
[232, 168]
[232, 168]
[232, 169]
[232, 169]
[232, 169]
[232, 171]
[232, 171]
[232, 169]
[232, 169]
[232, 167]
[232, 169]
[232, 169]
[232, 169]
[232, 169]
[232, 168]
[232, 168]
[232, 166]
[232, 168]
[232, 168]
[232, 167]
[232, 167]
[232, 168]
[232, 168]
[232, 168]
[232, 168]
[232, 169]
[232, 169]
[232, 167]
[232, 169]
[232, 169]
[232, 168]
[232, 168]
[232, 168]
[232, 168]
[232, 168]
[231, 165]
[231, 165]
[232, 168]
[214, 153]
[232, 173]
[232, 173]
[214, 152]
[232, 169]
[232, 169]
[232, 172]
[232, 172]
[232, 171]
[232, 171]
[232, 166]
[232, 166]
[232, 167]
[232, 167]
[232, 164]
[232, 167]
[232, 167]
[232, 164]
[232, 164]
[232, 165]
[232, 165]
[232, 165]
[232, 167]
[232, 167]
[232, 168]
[232, 168]
[232, 166]
[232, 167]
[232, 167]
[232, 171]
[232, 171]
[232, 170]
[232, 170]
[232, 171]
[232, 171]
[232, 169]
[232, 169]
[232, 168]
[232, 168]
[232, 168]
[232, 168]
[232, 168]
[232, 168]
[232, 168]
[232, 168]
[232, 175]
[232, 175]
[232, 175]
[232, 175]
[232, 167]
[232, 167]
[232, 167]
[232, 170]
[232, 170]
[232, 169]
[232, 169]
[232, 168]
[232, 168]
[232, 168]
[232, 168]
[232, 168]
[232, 168]
[232, 169]
[232, 169]
[232, 169]
[232, 174]
[232, 174]
[232, 167]
[232, 167]
[232, 168]
[232, 173]
[232, 173]
[232, 172]
[232, 172]
[232, 172]
[232, 172]
[232, 172]
[232, 171]
[232, 171]
[232, 171]
[232, 171]
[232, 170]
[232, 170]
[232, 169]
[232, 169]
[232, 170]
[232, 170]
[232, 170]
[232, 170]
[232, 170]
[214, 152]
[214, 152]
[231, 159]
[231, 159]
[214, 153]
[232, 161]
[232, 161]
[232, 170]
[232, 170]
[214, 153]
[214, 153]
[232, 170]
[232, 169]
[232, 169]
[232, 169]
[232, 169]
[232, 169]
[232, 169]
[232, 167]
[232, 167]
[232, 168]
[232, 168]
[232, 169]
[232, 169]
[232, 169]
[232, 167]
[232, 167]
[232, 168]
[232, 168]
[232, 167]
[232, 168]
[232, 168]
[232, 170]
[232, 170]
[232, 169]
[232, 169]
[232, 170]
[232, 173]
[232, 173]
[232, 170]
[232, 170]
[232, 170]
[232, 170]
[214, 151]
[214, 151]
[232, 174]
[232, 174]
[232, 174]
[232, 166]
[232, 166]
[232, 167]
[232, 170]
[232, 167]
[232, 167]
[232, 167]
[232, 167]
[232, 167]
[232, 167]
[232, 167]
[232, 167]
[232, 167]
[232, 169]
[232, 168]
[232, 168]
[232, 169]
[232, 169]
[232, 169]
[232, 169]
[232, 168]
[232, 168]
[232, 168]
[232, 168]
[232, 168]
[232, 163]
[232, 163]
[232, 166]
[232, 166]
[232, 170]
[232, 170]
[232, 165]
[232, 172]
[232, 172]
[232, 171]
[232, 171]
[232, 170]
[232, 170]
[232, 168]
[232, 166]
[232, 166]
[232, 165]
[232, 165]
[232, 169]
[232, 169]
[232, 166]
[232, 168]
[232, 168]
[232, 167]
[232, 167]
[232, 166]
[232, 166]
[214, 155]
[214, 155]
[232, 174]
[232, 174]
[232, 174]
[232, 164]
[232, 165]
[233, 177]
[233, 177]
[232, 169]
[232, 169]
[232, 169]
[232, 169]
[232, 169]
[232, 173]
[232, 173]
[232, 172]
[232, 169]
[232, 169]
[232, 169]
[232, 169]
[232, 172]
[232, 172]
[232, 172]
[232, 172]
[232, 172]
[232, 172]
[232, 172]
[232, 172]
[232, 173]
[232, 172]
[232, 172]
[232, 172]
[232, 172]
[232, 172]
[232, 172]
[232, 171]
[232, 170]
[232, 170]
[232, 171]
[232, 171]
[233, 169]
[232, 167]
[232, 167]
[233, 169]
[233, 169]
[232, 166]
[232, 166]
[233, 174]
[233, 174]
[232, 173]
[232, 173]
[232, 172]
[214, 155]
[214, 155]
[232, 170]
[232, 170]
[232, 160]
[232, 160]
[232, 170]
[232, 168]
[232, 168]
[232, 169]
[232, 169]
[232, 168]
[232, 168]
[232, 168]
[231, 159]
[231, 159]
[232, 162]
[232, 162]
[231, 157]
[231, 157]
[232, 169]
[232, 169]
[232, 169]
[232, 169]
[232, 166]
[231, 160]
[231, 160]
[232, 166]
[232, 166]
[231, 159]
[231, 159]
[232, 160]
[232, 167]
[232, 167]
[232, 162]
[232, 162]
[232, 166]
[232, 166]
[232, 169]
[232, 169]
[232, 169]
[232, 161]
[232, 161]
[233, 171]
[233, 171]
[232, 172]
[232, 172]
[232, 168]
[232, 169]
[232, 169]
[232, 168]
[232, 168]
[232, 168]
[232, 168]
[232, 168]
[232, 168]
[232, 168]
[233, 168]
[233, 168]
[233, 170]
[233, 170]
[232, 170]
[232, 170]
[232, 168]
[233, 170]
[233, 170]
[232, 170]
[232, 170]
[232, 169]
[232, 169]
[232, 169]
[232, 169]
[232, 169]
[232, 168]
[232, 168]
[232, 168]
[232, 168]
[233, 177]
[233, 177]
[232, 162]
[232, 167]
[232, 160]
[214, 155]
[214, 155]
[232, 167]
[232, 167]
[214, 153]
[214, 153]
[232, 167]
[232, 168]
[232, 168]
[232, 169]
[232, 169]
[232, 161]
[232, 161]
[232, 161]
[232, 161]
[232, 161]
[232, 161]
[232, 161]
[232, 171]
[232, 171]
[232, 162]
[232, 162]
[232, 172]
[232, 172]
[232, 164]
[232, 168]
[232, 168]
[232, 168]
[232, 168]
[232, 168]
[232, 168]
[232, 171]
[215, 157]
[215, 157]
[232, 169]
[232, 169]
[214, 151]
[214, 151]
[232, 169]
[232, 161]
[232, 161]
[214, 152]
[214, 152]
[232, 161]
[232, 161]
[232, 162]
[232, 162]
[232, 163]
[232, 163]
[232, 161]
[232, 162]
[232, 162]
[232, 161]
[232, 161]
[232, 162]
[232, 162]
[232, 163]
[232, 163]
[232, 163]
[232, 163]
[232, 163]
[232, 163]
[232, 163]
[232, 163]
[232, 163]
[232, 163]
[232, 170]
[232, 170]
[232, 163]
[232, 163]
[232, 171]
[232, 171]
[232, 170]
[232, 170]
[232, 173]
[232, 169]
[232, 169]
[232, 172]
[232, 172]
[232, 170]
[232, 170]
[232, 168]
[232, 169]
[232, 169]
[232, 169]
[232, 169]
[232, 169]
[232, 170]
[232, 170]
[232, 169]
[232, 169]
[232, 169]
[232, 169]
[232, 161]
[232, 161]
[232, 170]
[232, 170]
[232, 170]
[232, 169]
[232, 169]
[232, 168]
[232, 168]
[232, 168]
[232, 168]
[232, 168]
[232, 168]
[232, 168]
[232, 168]
[232, 168]
[231, 159]
[231, 159]
[232, 168]
[232, 169]
[232, 169]
[232, 169]
[232, 169]
[232, 163]
[232, 163]
[232, 170]
[232, 170]
[232, 173]
[232, 173]
[232, 173]
[232, 168]
[232, 168]
[232, 157]
[232, 157]
[232, 162]
[232, 162]
[231, 161]
[232, 174]
[232, 174]
[232, 167]
[232, 167]
[232, 172]
[232, 173]
[232, 169]
[232, 171]
[232, 171]
[232, 172]
[232, 172]
[232, 169]
[232, 169]
[232, 173]
[232, 173]
[232, 171]
[232, 171]
[232, 171]
[232, 159]
[232, 159]
[232, 170]
[232, 170]
[232, 168]
[232, 168]
[232, 168]
[214, 154]
[214, 154]
[214, 154]
[214, 154]
[232, 174]
[232, 174]
[214, 154]
[214, 153]
[214, 153]
[214, 152]
[214, 152]
[214, 151]
[214, 151]
[214, 153]
[214, 153]
[214, 152]
[214, 153]
[214, 153]
[232, 161]
[232, 161]
[214, 155]
[214, 155]
[232, 167]
[232, 167]
[214, 153]
[232, 171]
[232, 171]
[232, 166]
[232, 166]
[232, 165]
[232, 165]
[232, 167]
[232, 165]
[232, 165]
[232, 169]
[232, 169]
[232, 167]
[232, 167]
[232, 171]
[232, 167]
[232, 167]
[232, 167]
[232, 167]
[232, 169]
[232, 169]
[232, 168]
[232, 168]
[232, 168]
[232, 168]
[232, 168]
[231, 167]
[231, 167]
[231, 167]
[231, 167]
[231, 158]
[231, 158]
[231, 161]
[231, 158]
[231, 158]
[232, 167]
[232, 167]
[232, 167]
[232, 167]
[233, 170]
[233, 169]
[233, 169]
[232, 167]
[232, 167]
[232, 168]
[232, 168]
[232, 167]
[232, 167]
[232, 159]
[232, 159]
[231, 161]
[231, 158]
[231, 158]
[232, 159]
[232, 159]
[232, 168]
[232, 168]
[232, 170]
[232, 168]
[232, 168]
[232, 169]
[232, 169]
[232, 169]
[232, 167]
[232, 167]
[232, 168]
[232, 168]
[232, 169]
[232, 169]
[232, 170]
[232, 170]
[232, 170]
[232, 170]
[232, 170]
[232, 170]
[232, 170]
[232, 170]
[232, 170]
[232, 170]
[232, 170]
[214, 152]
[214, 152]
[232, 162]
[232, 162]
[232, 162]
[231, 159]
[231, 159]
[232, 171]
[232, 171]
[232, 171]
[232, 172]
[232, 172]
[232, 171]
[232, 171]
[232, 170]
[232, 170]
[232, 169]
[232, 169]
[232, 168]
[232, 169]
[232, 169]
[232, 173]
[232, 173]
[232, 172]
[232, 172]
[232, 172]
[232, 172]
[232, 163]
[232, 172]
[232, 172]
[232, 163]
[232, 163]
[232, 168]
[232, 170]
[232, 170]
[232, 170]
[232, 170]
[232, 168]
[232, 168]
[232, 170]
[232, 170]
[232, 169]
[232, 169]
[232, 169]
[233, 168]
[233, 168]
[232, 170]
[232, 170]
[232, 168]
[232, 168]
[232, 167]
[232, 168]
[232, 168]
[232, 168]
[232, 168]
[232, 168]
[232, 168]
[232, 168]
[232, 168]
[232, 168]
[232, 169]
[232, 169]
[232, 169]
[232, 169]
[232, 169]
[232, 169]
[232, 168]
[232, 171]
[232, 171]
[232, 171]
[232, 171]
[231, 160]
[231, 160]
[232, 170]
[232, 170]
[232, 161]
[232, 162]
[232, 162]
[232, 169]
[232, 169]
[232, 170]
[232, 170]
[232, 171]
[232, 171]
[232, 171]
[232, 171]
[232, 171]
[232, 171]
[232, 171]
[232, 170]
[232, 170]
[232, 168]
[232, 170]
[232, 170]
[232, 169]
[232, 169]
[232, 169]
[232, 169]
[232, 170]
[232, 170]
[232, 171]
[232, 170]
[232, 170]
[232, 165]
[232, 165]
[232, 167]
[232, 168]
[232, 171]
[232, 162]
[232, 162]
[232, 171]
[232, 171]
[214, 155]
[214, 155]
[214, 156]
[232, 168]
[232, 168]
[214, 155]
[214, 155]
[232, 172]
[232, 172]
[232, 172]
[232, 172]
[232, 173]
[232, 173]
[232, 173]
[232, 170]
[232, 170]
[232, 173]
[232, 173]
[232, 173]
[232, 173]
[214, 155]
[232, 174]
[232, 174]
[232, 168]
[232, 168]
[232, 169]
[232, 169]
[214, 158]
[232, 168]
[232, 168]
[232, 166]
[232, 166]
[232, 166]
[232, 166]
[232, 168]
[232, 168]
[232, 168]
[232, 168]
[232, 169]
[232, 169]
[232, 169]
[233, 169]
[233, 169]
[232, 170]
[232, 170]
[214, 158]
[232, 159]
[232, 159]
[232, 168]
[232, 168]
[232, 168]
[232, 161]
[232, 161]
[232, 170]
[232, 170]
[232, 170]
[232, 170]
[232, 170]
[232, 170]
[232, 169]
[232, 169]
[232, 169]
[232, 169]
[232, 168]
[232, 160]
[232, 160]
[232, 169]
[232, 169]
[232, 169]
[232, 169]
[231, 160]
[232, 169]
[232, 169]
[232, 169]
[232, 169]
[232, 168]
[232, 169]
[232, 169]
[232, 167]
[232, 167]
[232, 169]
[232, 169]
[232, 167]
[232, 167]
[232, 172]
[232, 172]
[232, 161]
[231, 167]
[231, 167]
[232, 168]
[232, 168]
[232, 168]
[232, 168]
[232, 168]
[232, 168]
[232, 173]
[232, 167]
[232, 167]
[232, 169]
[232, 169]
[232, 169]
[232, 169]
[232, 169]
[232, 173]
[232, 173]
[232, 161]
[232, 161]
[232, 167]
[232, 167]
[232, 171]
[232, 171]
[232, 170]
[214, 158]
[214, 158]
[232, 172]
[232, 172]
[232, 168]
[232, 168]
[232, 161]
[232, 161]
[232, 161]
[232, 161]
[232, 161]
[214, 155]
[214, 155]
[232, 167]
[232, 163]
[232, 163]
[232, 163]
[232, 163]
[232, 168]
[232, 168]
[232, 162]
[232, 162]
[232, 161]
[232, 161]
[232, 161]
[232, 170]
[232, 170]
[232, 168]
[232, 168]
[232, 168]
[232, 168]
[232, 167]
[233, 173]
[233, 173]
[232, 161]
[232, 161]
[232, 161]
[232, 161]
[231, 161]
[231, 161]
[231, 161]
[231, 161]
[231, 161]
[232, 161]
[232, 161]
[232, 161]
[232, 161]
[232, 168]
[231, 159]
[231, 159]
[232, 161]
[232, 161]
[232, 161]
[232, 161]
[232, 160]
[232, 160]
[232, 174]
[232, 174]
[232, 174]
[232, 169]
[232, 169]
[232, 170]
[232, 170]
[232, 161]
[232, 172]
[232, 172]
[232, 161]
[232, 161]
[232, 162]
[232, 162]
[232, 161]
[232, 164]
[232, 164]
[232, 161]
[232, 161]
[232, 161]
[232, 161]
[232, 167]
[232, 167]
[232, 166]
[232, 166]
[232, 165]
[232, 165]
[232, 165]
[231, 158]
[231, 158]
[232, 157]
[232, 157]
[232, 171]
[232, 168]
[232, 168]
[232, 170]
[232, 170]
[232, 179]
[232, 179]
[232, 170]
[232, 161]
[232, 161]
[232, 161]
[232, 161]
[232, 170]
[232, 170]
[232, 170]
[232, 170]
[232, 170]
[232, 170]
[232, 170]
[232, 171]
[232, 171]
[232, 171]
[232, 171]
[232, 169]
[232, 169]
[232, 170]
[232, 169]
[232, 169]
[232, 169]
[232, 169]
[232, 170]
[232, 171]
[232, 171]
[232, 169]
[232, 169]
[232, 169]
[232, 169]
[231, 161]
[231, 161]
[231, 160]
[231, 160]
[231, 162]
[231, 162]
[231, 161]
[232, 160]
[232, 160]
[231, 158]
[231, 158]
[231, 163]
[231, 163]
[232, 166]
[232, 166]
[232, 166]
[232, 166]
[232, 166]
[232, 168]
[232, 167]
[232, 167]
[214, 152]
[214, 152]
[232, 169]
[232, 169]
[214, 154]
[214, 154]
[232, 169]
[232, 169]
[232, 172]
[232, 174]
[232, 174]
[232, 166]
[232, 166]
[232, 169]
[232, 169]
[232, 170]
[232, 170]
[232, 167]
[232, 171]
[232, 172]
[232, 173]
[232, 173]
[232, 168]
[232, 167]
[232, 167]
[232, 170]
[232, 170]
[231, 163]
[231, 163]
[231, 169]
[231, 169]
[231, 163]
[231, 163]
[232, 169]
[232, 162]
[232, 162]
[232, 162]
[232, 162]
[232, 169]
[232, 169]
[214, 154]
[214, 154]
[232, 169]
[214, 152]
[214, 152]
[214, 150]
[214, 150]
[214, 152]
[214, 152]
[214, 152]
[232, 166]
[232, 166]
[232, 163]
[232, 163]
[232, 168]
[232, 168]
[232, 169]
[232, 166]
[232, 166]
[232, 166]
[232, 166]
[232, 165]
[232, 165]
[232, 169]
[232, 169]
[232, 161]
[232, 170]
[232, 170]
[232, 169]
[232, 169]
[232, 169]
[232, 169]
[232, 163]
[232, 168]
[232, 168]
[232, 165]
[232, 165]
[232, 169]
[232, 169]
[232, 170]
[232, 170]
[232, 160]
[232, 172]
[232, 172]
[232, 171]
[232, 171]
[232, 171]
[232, 171]
[232, 173]
[232, 173]
[232, 170]
[232, 168]
[232, 168]
[232, 170]
[232, 170]
[232, 170]
[232, 170]
[232, 169]
[232, 170]
[232, 170]
[232, 171]
[232, 171]
[231, 159]
[231, 159]
[232, 160]
[232, 169]
[232, 169]
[232, 160]
[232, 160]
[232, 160]
[232, 160]
[232, 169]
[232, 168]
[232, 169]
[232, 169]
[232, 169]
[233, 169]
[233, 169]
[232, 168]
[232, 168]
[232, 169]
[232, 169]
[232, 169]
[232, 170]
[232, 170]
[232, 170]
[232, 170]
[232, 168]
[232, 168]
[232, 161]
[232, 162]
[232, 162]
[232, 162]
[232, 162]
[232, 170]
[232, 170]
[232, 160]
[232, 160]
[232, 170]
[232, 170]
[232, 170]
[231, 161]
[231, 161]
[231, 154]
[231, 154]
[232, 161]
[232, 161]
[232, 161]
[231, 158]
[231, 158]
[232, 158]
[232, 158]
[232, 160]
[232, 168]
[232, 168]
[232, 168]
[232, 168]
[232, 169]
[232, 169]
[232, 169]
[232, 169]
[232, 169]
[232, 169]
[232, 168]
[232, 168]
[232, 168]
[232, 168]
[232, 168]
[232, 168]
[232, 168]
[232, 169]
[232, 169]
[232, 168]
[232, 172]
[232, 172]
[232, 168]
[232, 168]
[232, 169]
[232, 157]
[232, 157]
[232, 172]
[232, 172]
[232, 170]
[232, 170]
[232, 169]
[232, 169]
[232, 168]
[232, 168]
[232, 168]
[232, 168]
[232, 168]
[232, 168]
[232, 168]
[232, 168]
[232, 168]
[232, 167]
[232, 167]
[232, 168]
[232, 168]
[232, 168]
[214, 154]
[214, 154]
[232, 170]
[232, 169]
[232, 169]
[232, 170]
[232, 170]
[232, 169]
[232, 169]
[232, 169]
[232, 169]
[232, 170]
[232, 170]
[232, 162]
[231, 160]
[231, 160]
[232, 171]
[232, 171]
[232, 170]
[232, 170]
[232, 171]
[232, 171]
[232, 170]
[232, 169]
[232, 169]
[232, 160]
[232, 160]
[214, 153]
[232, 161]
[232, 161]
[232, 169]
[232, 169]
[232, 169]
[232, 169]
[232, 170]
[232, 170]
[231, 161]
[232, 162]
[232, 162]
[232, 169]
[232, 169]
[232, 169]
[232, 169]
[232, 169]
[232, 169]
[232, 169]
[232, 168]
[232, 168]
[232, 168]
[232, 168]
[232, 170]
[232, 170]
[232, 168]
[232, 168]
[232, 168]
[232, 169]
[232, 169]
[232, 168]
[232, 168]
[232, 168]
[232, 168]
[232, 171]
[232, 168]
[232, 168]
[232, 163]
[232, 163]
[215, 158]
[215, 158]
[232, 168]
[232, 168]
[232, 172]
[232, 169]
[232, 169]
[232, 169]
[232, 169]
[232, 170]
[232, 170]
[232, 160]
[232, 158]
[232, 158]
[232, 164]
[232, 164]
[231, 157]
[231, 157]
[231, 161]
[232, 162]
[232, 162]
[232, 162]
[232, 162]
[232, 167]
[232, 167]
[232, 158]
[232, 158]
[232, 157]
[232, 157]
[232, 157]
[233, 173]
[233, 173]
[232, 173]
[232, 173]
[232, 167]
[232, 167]
[232, 169]
[232, 169]
[232, 169]
[232, 169]
[232, 169]
[232, 166]
[232, 166]
[232, 169]
[232, 170]
[232, 170]
[232, 169]
[232, 169]
[232, 169]
[232, 169]
[232, 168]
[232, 168]
[232, 174]
[232, 174]
[232, 175]
[232, 168]
[232, 168]
[232, 167]
[232, 167]
[232, 168]
[232, 168]
[232, 168]
[232, 168]
[232, 168]
[232, 168]
[232, 168]
[232, 169]
[232, 175]
[232, 175]
[232, 175]
[232, 175]
[232, 165]
[232, 165]
[232, 160]
[232, 160]
[232, 166]
[232, 166]
[232, 160]
[232, 160]
[232, 166]
[232, 164]
[232, 164]
[232, 167]
[232, 167]
[232, 163]
[232, 163]
[232, 162]
[232, 165]
[232, 165]
[232, 166]
[232, 166]
[232, 168]
[232, 168]
[232, 168]
[232, 167]
[232, 167]
[232, 167]
[232, 167]
[231, 166]
[231, 166]
[214, 150]
[214, 150]
[231, 154]
[232, 161]
[232, 161]
[232, 157]
[232, 157]
[232, 162]
[232, 162]
[232, 162]
[232, 162]
[232, 161]
[232, 161]
[232, 161]
[232, 161]
[232, 161]
[232, 167]
[232, 167]
[232, 167]
[232, 166]
[232, 166]
[232, 161]
[232, 161]
[232, 167]
[232, 167]
[232, 168]
[232, 168]
[232, 167]
[232, 169]
[232, 169]
[232, 161]
[232, 161]
[232, 169]
[232, 169]
[232, 169]
[232, 169]
[231, 159]
[232, 162]
[232, 162]
[232, 161]
[232, 161]
[232, 169]
[232, 160]
[232, 160]
[232, 168]
[232, 168]
[232, 169]
[232, 169]
[232, 169]
[232, 169]
[232, 169]
[232, 166]
[232, 166]
[232, 169]
[232, 169]
[232, 169]
[232, 169]
[232, 170]
[232, 170]
[232, 173]
[232, 173]
[232, 169]
[232, 169]
[232, 169]
[232, 168]
[232, 168]
[232, 168]
[232, 168]
[232, 168]
[232, 167]
[232, 167]
[232, 167]
[232, 167]
[232, 168]
[232, 168]
[232, 166]
[232, 167]
[232, 166]
[232, 167]
[232, 167]
[232, 174]
[232, 174]
[232, 163]
[232, 163]
[232, 162]
[232, 162]
[232, 162]
[232, 162]
[232, 162]
[232, 163]
[232, 163]
[232, 162]
[232, 164]
[232, 164]
[232, 163]
[232, 163]
[232, 162]
[232, 162]
[232, 163]
[232, 157]
[232, 157]
[233, 173]
[233, 173]
[233, 172]
[233, 172]
[214, 152]
[214, 152]
[232, 174]
[233, 170]
[232, 169]
[232, 171]
[232, 171]
[214, 153]
[214, 153]
[232, 164]
[232, 164]
[214, 152]
[232, 162]
[232, 162]
[232, 172]
[232, 172]
[214, 152]
[214, 152]
[214, 153]
[232, 173]
[232, 173]
[214, 156]
[214, 156]
[214, 156]
[214, 156]
[232, 172]
[232, 172]
[231, 158]
[231, 158]
[232, 159]
[232, 170]
[232, 170]
[232, 161]
[232, 161]
[232, 161]
[232, 161]
[232, 170]
[232, 169]
[232, 169]
[232, 170]
[232, 170]
[232, 171]
[232, 171]
[232, 171]
[232, 170]
[232, 170]
[232, 168]
[232, 168]
[232, 172]
[232, 172]
[232, 171]
[232, 171]
[232, 161]
[232, 161]
[232, 165]
[232, 172]
[232, 172]
[232, 172]
[232, 172]
[232, 174]
[232, 174]
[231, 162]
[232, 170]
[232, 170]
[232, 171]
[232, 171]
[232, 169]
[232, 170]
[232, 170]
[232, 170]
[232, 170]
[232, 172]
[232, 172]
[232, 161]
[232, 161]
[232, 171]
[232, 171]
[232, 171]
[232, 170]
[232, 170]
[232, 169]
[232, 169]
[232, 169]
[232, 169]
[231, 162]
[231, 162]
[232, 170]
[232, 171]
[232, 171]
[232, 164]
[232, 164]
[232, 166]
[232, 172]
[232, 172]
[232, 170]
[232, 170]
[232, 163]
[232, 163]
[232, 173]
[232, 173]
[232, 168]
[232, 168]
[232, 162]
[232, 168]
[232, 168]
[232, 163]
[232, 163]
[214, 152]
[214, 152]
[232, 168]
[232, 168]
[232, 162]
[232, 161]
[232, 161]
[232, 167]
[232, 167]
[232, 167]
[232, 163]
[232, 163]
[232, 161]
[232, 161]
[232, 162]
[232, 162]
[232, 166]
[232, 166]
[232, 163]
[232, 168]
[232, 168]
[232, 168]
[232, 168]
[232, 168]
[232, 168]
[232, 169]
[232, 169]
[232, 170]
[232, 170]
[232, 170]
[232, 172]
[232, 172]
[232, 171]
[232, 171]
[232, 165]
[232, 169]
[232, 169]
[232, 170]
[232, 170]
[232, 166]
[232, 166]
[232, 166]
[232, 166]
[232, 166]
[214, 152]
[214, 152]
[232, 168]
[232, 168]
[232, 170]
[232, 170]
[232, 170]
[232, 170]
[232, 170]
[232, 170]
[232, 170]
[232, 170]
[232, 170]
[232, 168]
[232, 168]
[232, 170]
[232, 170]
[232, 170]
[231, 162]
[231, 162]
[214, 150]
[214, 150]
[214, 151]
[232, 171]
[232, 171]
[232, 171]
[232, 171]
[232, 172]
[232, 172]
[232, 170]
[232, 170]
[231, 161]
[231, 161]
[232, 166]
[232, 168]
[232, 168]
[231, 159]
[231, 159]
[233, 173]
[233, 173]
[232, 162]
[231, 158]
[231, 158]
[231, 161]
[231, 161]
[231, 158]
[231, 158]
[232, 171]
[232, 171]
[232, 171]
[232, 170]
[232, 170]
[232, 169]
[232, 169]
[232, 172]
[232, 172]
[232, 168]
[232, 168]
[231, 162]
[231, 162]
[231, 162]
[232, 169]
[232, 169]
[232, 168]
[232, 168]
[232, 170]
[232, 169]
[232, 169]
[232, 169]
[232, 169]
[232, 168]
[232, 169]
[232, 169]
[231, 168]
[231, 168]
[231, 167]
[231, 167]
[231, 167]
[231, 167]
[231, 163]
[231, 163]
[232, 162]
[232, 162]
[232, 161]
[231, 169]
[231, 169]
[232, 169]
[232, 169]
[232, 162]
[232, 162]
[232, 169]
[232, 173]
[232, 173]
[232, 169]
[232, 169]
[232, 169]
[232, 170]
[232, 170]
[232, 172]
[232, 172]
[232, 172]
[232, 172]
[232, 173]
[232, 167]
[232, 168]
[232, 168]
[232, 168]
[232, 168]
[232, 167]
[232, 168]
[232, 168]
[232, 168]
[232, 168]
[232, 166]
[232, 166]
[232, 164]
[214, 155]
[214, 155]
[232, 167]
[232, 167]
[232, 162]
[232, 164]
[232, 164]
[232, 155]
[232, 155]
[232, 155]
[232, 155]
[232, 158]
[232, 158]
[232, 165]
[232, 165]
[232, 163]
[232, 161]
[232, 161]
[232, 168]
[232, 168]
[232, 166]
[232, 166]
[232, 168]
[232, 168]
[232, 168]
[232, 172]
[232, 172]
[232, 172]
[232, 172]
[232, 167]
[232, 168]
[232, 168]
[232, 168]
[232, 168]
[214, 151]
[214, 151]
[214, 151]
[214, 151]
[232, 171]
[232, 169]
[232, 169]
[214, 150]
[214, 150]
[214, 154]
[214, 154]
[232, 170]
[232, 170]
[214, 149]
[214, 149]
[214, 149]
[231, 154]
[231, 154]
[232, 171]
[232, 171]
[232, 170]
[232, 171]
[232, 171]
[232, 171]
[232, 171]
[214, 148]
[214, 148]
[214, 149]
[214, 149]
[231, 170]
[232, 165]
[232, 165]
[232, 171]
[232, 171]
[232, 171]
[232, 171]
[232, 166]
[232, 166]
[232, 158]
[232, 158]
[232, 167]
[232, 167]
[232, 168]
[232, 166]
[232, 166]
[232, 168]
[232, 162]
[232, 162]
[232, 171]
[232, 171]
[232, 167]
[232, 167]
[214, 151]
[232, 167]
[232, 167]
[232, 168]
[232, 168]
[232, 168]
[232, 168]
[232, 177]
[232, 177]
[232, 174]
[232, 174]
[232, 174]
[232, 170]
[232, 170]
[232, 170]
[232, 170]
[232, 169]
[232, 169]
[232, 167]
[232, 172]
[232, 172]
[233, 173]
[233, 173]
[232, 171]
[232, 172]
[232, 171]
[232, 163]
[232, 163]
[232, 162]
[232, 162]
[232, 162]
[232, 162]
[232, 166]
[232, 166]
[232, 165]
[232, 165]
[232, 166]
[232, 166]
[232, 166]
[232, 173]
[232, 173]
[232, 173]
[232, 173]
[232, 173]
[232, 167]
[232, 167]
[232, 158]
[232, 158]
[232, 166]
[232, 162]
[232, 162]
[232, 170]
[232, 170]
[232, 172]
[232, 172]
[232, 171]
[232, 171]
[232, 166]
[232, 168]
[232, 165]
[232, 165]
[232, 163]
[232, 160]
[232, 160]
[232, 170]
[232, 170]
[232, 171]
[232, 171]
[232, 168]
[232, 176]
[232, 176]
[232, 175]
[232, 175]
[232, 175]
[232, 170]
[232, 170]
[232, 170]
[232, 170]
[232, 170]
[232, 170]
[214, 151]
[214, 151]
[231, 167]
[231, 167]
[232, 171]
[231, 162]
[231, 162]
[214, 151]
[214, 151]
[214, 150]
[214, 150]
[231, 167]
[231, 167]
[232, 168]
[232, 168]
[232, 168]
[232, 168]
[232, 168]
[232, 167]
[232, 168]
[232, 168]
[231, 162]
[231, 162]
[231, 162]
[231, 162]
[232, 162]
[232, 162]
[232, 167]
[232, 167]
[232, 167]
[232, 162]
[232, 162]
[232, 163]
[232, 163]
[232, 163]
[232, 163]
[231, 158]
[231, 158]
[232, 167]
[232, 172]
[232, 172]
[232, 172]
[232, 172]
[232, 167]
[232, 171]
[232, 171]
[232, 166]
[232, 166]
[232, 167]
[232, 167]
[232, 167]
[232, 167]
[232, 167]
[232, 168]
[232, 168]
[232, 169]
[232, 169]
[232, 168]
[232, 168]
[232, 167]
[232, 167]
[232, 168]
[232, 168]
[232, 169]
[232, 169]
[232, 169]
[231, 159]
[231, 159]
[232, 168]
[232, 155]
[232, 155]
[232, 166]
[232, 166]
[232, 167]
[232, 167]
[232, 169]
[232, 169]
[232, 170]
[231, 158]
[231, 158]
[232, 168]
[232, 168]
[232, 170]
[232, 170]
[232, 171]
[232, 171]
[232, 170]
[232, 170]
[231, 160]
[232, 163]
[232, 163]
[231, 160]
[231, 160]
[232, 171]
[232, 171]
[232, 171]
[232, 171]
[232, 171]
[232, 162]
[232, 162]
[232, 161]
[232, 161]
[232, 161]
[232, 161]
[232, 161]
[232, 161]
[232, 161]
[232, 161]
[232, 161]
[231, 161]
[231, 161]
[232, 168]
[232, 161]
[232, 161]
[232, 168]
[232, 168]
[232, 166]
[232, 166]
[232, 170]
[232, 169]
[232, 169]
[232, 170]
[232, 170]
[232, 169]
[232, 169]
[232, 170]
[232, 172]
[232, 172]
[232, 172]
[232, 172]
[232, 172]
[232, 172]
[232, 172]
[232, 172]
[232, 172]
[232, 172]
[232, 172]
[232, 170]
[232, 170]
[232, 168]
[232, 168]
[232, 171]
[232, 171]
[232, 162]
[232, 163]
[232, 163]
[214, 152]
[214, 152]
[214, 153]
[232, 164]
[232, 164]
[232, 167]
[232, 167]
[232, 166]
[232, 166]
[214, 153]
[214, 153]
[214, 154]
[214, 154]
[214, 154]
[214, 154]
[232, 167]
[232, 167]
[232, 167]
[232, 167]
[232, 167]
[232, 167]
[232, 167]
[232, 160]
[213, 147]
[213, 147]
[214, 149]
[214, 149]
[214, 148]
[214, 149]
[214, 149]
[232, 158]
[232, 158]
[231, 159]
[231, 159]
[232, 162]
[232, 162]
[232, 162]
[232, 162]
[232, 163]
[213, 151]
[213, 151]
[214, 150]
[214, 150]
[232, 162]
[232, 162]
[214, 148]
[214, 148]
[232, 159]
[232, 165]
[232, 165]
[232, 161]
[232, 161]
[232, 161]
[232, 160]
[232, 160]
[232, 159]
[232, 159]
[232, 160]
[232, 160]
[213, 147]
[213, 147]
[232, 159]
[232, 159]
[214, 153]
[214, 152]
[214, 152]
[214, 152]
[214, 152]
[231, 156]
[231, 156]
[231, 155]
[231, 155]
[232, 159]
[215, 151]
[215, 151]
[232, 160]
[232, 160]
[232, 169]
[232, 159]
[232, 159]
[232, 170]
[232, 170]
[232, 170]
[232, 170]
[232, 159]
[232, 159]
[232, 158]
[232, 169]
[232, 169]
[232, 169]
[232, 169]
[214, 147]
[214, 147]
[214, 147]
[214, 147]
[233, 169]
[214, 148]
[214, 152]
[214, 152]
[214, 152]
[214, 152]
[214, 152]
[232, 169]
[232, 157]
[232, 157]
[232, 169]
[232, 169]
[232, 168]
[232, 168]
[214, 154]
[214, 154]
[232, 165]
[232, 165]
[232, 165]
[232, 164]
[232, 164]
[214, 148]
[214, 148]
[232, 161]
[232, 161]
[232, 161]
[232, 161]
[232, 161]
[231, 161]
[231, 161]
[232, 161]
[232, 161]
[231, 161]
[232, 162]
[232, 162]
[232, 168]
[232, 168]
[232, 168]
[232, 168]
[232, 167]
[214, 147]
[214, 147]
[214, 146]
[214, 146]
[232, 168]
[232, 168]
[232, 165]
[232, 165]
[232, 163]
[232, 163]
[232, 162]
[232, 162]
[232, 161]
[232, 161]
[232, 161]
[232, 160]
[232, 160]
[232, 161]
[232, 160]
[232, 160]
[232, 161]
[232, 161]
[231, 152]
[231, 152]
[231, 151]
[232, 158]
[232, 158]
[232, 159]
[232, 159]
[232, 162]
[232, 162]
[232, 162]
[232, 162]
[213, 143]
[213, 143]
[213, 146]
[213, 143]
[213, 143]
[232, 161]
[232, 161]
[232, 160]
[232, 160]
[213, 142]
[232, 161]
[232, 161]
[232, 168]
[232, 168]
[231, 159]
[232, 169]
[232, 169]
[213, 145]
[213, 145]
[232, 167]
[232, 167]
[231, 158]
[231, 158]
[231, 158]
[231, 158]
[231, 158]
[231, 158]
[214, 152]
[232, 168]
[232, 168]
[214, 146]
[214, 146]
[214, 149]
[214, 149]
[214, 153]
[214, 150]
[214, 150]
[214, 150]
[214, 150]
[214, 145]
[214, 150]
[214, 150]
[232, 167]
[232, 167]
[214, 143]
[214, 143]
[214, 145]
[214, 145]
[214, 152]
[214, 152]
[214, 143]
[232, 158]
[232, 158]
[232, 158]
[232, 158]
[214, 143]
[214, 143]
[214, 144]
[214, 143]
[232, 158]
[214, 144]
[214, 144]
[214, 145]
[214, 145]
[214, 149]
[214, 149]
[214, 149]
[232, 166]
[232, 166]
[214, 149]
[214, 149]
[214, 149]
[214, 149]
[214, 148]
[214, 148]
[231, 158]
[214, 149]
[214, 149]
[214, 150]
[214, 150]
[214, 149]
[214, 149]
[214, 149]
[214, 149]
[233, 168]
[232, 168]
[232, 168]
[232, 157]
[232, 157]
[232, 158]
[232, 159]
[232, 159]
[232, 157]
[232, 157]
[231, 159]
[231, 159]
[231, 162]
[231, 162]
[214, 150]
[214, 150]
[214, 150]
[214, 151]
[214, 151]
[214, 150]
[214, 150]
[232, 155]
[232, 155]
[232, 159]
[232, 159]
[232, 153]
[232, 155]
[232, 155]
[232, 155]
[232, 155]
[232, 155]
[232, 164]
[232, 164]
[232, 164]
[232, 164]
[232, 169]
[232, 169]
[232, 159]
[232, 159]
[214, 150]
[232, 166]
[232, 166]
[232, 167]
[232, 167]
[233, 168]
[233, 168]
[233, 168]
[233, 168]
[233, 169]
[233, 169]
[214, 153]
[232, 159]
[232, 159]
[232, 161]
[232, 161]
[232, 168]
[232, 169]
[232, 169]
[232, 169]
[232, 169]
[232, 161]
[232, 161]
[232, 161]
[232, 161]
[232, 161]
[232, 161]
[232, 161]
[232, 160]
[232, 160]
[232, 159]
[232, 159]
[232, 159]
[232, 159]
[232, 172]
[232, 172]
[232, 173]
[214, 151]
[214, 151]
[214, 152]
[214, 152]
[214, 149]
[214, 149]
[214, 149]
[214, 150]
[214, 150]
[214, 150]
[214, 150]
[232, 160]
[232, 161]
[232, 161]
[232, 168]
[232, 168]
[232, 168]
[232, 168]
[232, 167]
[232, 167]
[232, 170]
[232, 170]
[232, 166]
[232, 167]
[232, 167]
[232, 167]
[232, 167]
[232, 169]
[232, 169]
[232, 170]
[232, 169]
[232, 169]
[232, 171]
[232, 171]
[232, 169]
[232, 170]
[232, 170]
[231, 161]
[231, 161]
[232, 159]
[232, 159]
[214, 152]
[214, 152]
[232, 161]
[232, 161]
[232, 168]
[232, 168]
[232, 161]
[232, 168]
[232, 168]
[232, 167]
[232, 167]
[232, 169]
[232, 169]
[214, 154]
[232, 171]
[232, 171]
[232, 161]
[232, 161]
[232, 169]
[232, 169]
[232, 169]
[214, 150]
[214, 150]
[214, 150]
[214, 150]
[214, 151]
[214, 151]
[232, 163]
[232, 163]
[232, 162]
[232, 162]
[232, 162]
[232, 162]
[232, 162]
[232, 162]
[232, 162]
[232, 162]
[232, 162]
[232, 158]
[232, 158]
[232, 158]
[231, 155]
[231, 155]
[232, 167]
[231, 158]
[231, 158]
[231, 158]
[231, 158]
[214, 151]
[214, 152]
[232, 161]
[232, 161]
[232, 161]
[232, 161]
[232, 160]
[232, 161]
[232, 161]
[232, 161]
[232, 161]
[232, 161]
[232, 161]
[232, 161]
[232, 161]
[232, 160]
[231, 158]
[231, 158]
[232, 157]
[232, 157]
[231, 157]
[232, 157]
[232, 157]
[231, 157]
[231, 157]
[232, 157]
[232, 157]
[232, 157]
[232, 157]
[232, 161]
[232, 160]
[232, 160]
[232, 163]
[232, 163]
[232, 162]
[232, 162]
[232, 172]
[232, 172]
[232, 172]
[232, 172]
[233, 172]
[232, 164]
[232, 164]
[232, 163]
[232, 163]
[232, 164]
[232, 169]
[232, 169]
[214, 153]
[214, 153]
[232, 161]
[232, 161]
[214, 149]
[214, 149]
[232, 170]
[214, 150]
[214, 150]
[231, 160]
[231, 160]
[231, 158]
[231, 158]
[232, 161]
[232, 161]
[232, 160]
[232, 160]
[232, 155]
[232, 157]
[232, 157]
[214, 151]
[214, 151]
[232, 157]
[232, 157]
[232, 157]
[214, 149]
[214, 149]
[232, 158]
[232, 158]
[232, 171]
[232, 165]
[232, 164]
[232, 170]
[232, 170]
[232, 170]
[232, 170]
[232, 169]
[232, 169]
[214, 152]
[214, 152]
[232, 165]
[232, 165]
[232, 170]
[232, 164]
[232, 164]
[232, 165]
[232, 165]
[232, 166]
[232, 166]
[232, 166]
[232, 158]
[232, 158]
[232, 162]
[232, 162]
[232, 167]
[232, 161]
[232, 161]
[232, 173]
[232, 173]
[232, 173]
[232, 173]
[232, 163]
[232, 163]
[233, 172]
[233, 172]
[232, 166]
[232, 168]
[232, 168]
[232, 164]
[232, 164]
[232, 164]
[232, 164]
[232, 163]
[232, 164]
[232, 164]
[232, 160]
[232, 160]
[232, 164]
[232, 163]
[232, 163]
[232, 170]
[232, 170]
[232, 170]
[232, 171]
[233, 169]
[233, 169]
[232, 169]
[232, 169]
[233, 169]
[233, 169]
[232, 163]
[232, 169]
[232, 169]
[232, 170]
[232, 170]
[214, 153]
[214, 153]
[232, 170]
[232, 171]
[232, 171]
[232, 171]
[232, 171]
[232, 173]
[232, 172]
[232, 172]
[232, 173]
[232, 173]
[232, 165]
[232, 165]
[232, 171]
[232, 171]
[232, 172]
[232, 172]
[232, 173]
[232, 160]
[232, 160]
[214, 152]
[214, 152]
[214, 152]
[214, 152]
[214, 151]
