[143, 147]
[122, 98]
[170, 4]
[129, 124]
[243, 129]
[120, 90]
[99, 71]
[131, 149]
[130, 143]
[122, 42]
[142, 121]
[129, 120]
[243, 128]
[106, 177]
[143, 124]
[243, 129]
[243, 130]
[83, 170]
[116, 122]
[129, 126]
[123, 42]
[143, 119]
[129, 128]
[101, 187]
[127, 142]
[134, 80]
[129, 126]
[243, 129]
[127, 119]
[132, 154]
[122, 38]
[121, 114]
[121, 38]
[119, 88]
[243, 129]
[121, 110]
[100, 139]
[119, 138]
[119, 148]
[116, 160]
[120, 170]
[106, 166]
[115, 218]
[120, 121]
[122, 161]
[243, 128]
[115, 173]
[130, 152]
[121, 58]
[126, 83]
[143, 119]
[128, 21]
[117, 220]
[122, 110]
[128, 22]
[119, 28]
[131, 152]
[130, 123]
[121, 194]
[119, 99]
[118, 188]
[119, 166]
[117, 160]
[105, 112]
[144, 146]
[78, 91]
[117, 77]
[54, 125]
[79, 193]
[118, 83]
[124, 44]
[50, 176]
[86, 198]
[128, 119]
[122, 70]
[74, 119]
[47, 179]
[86, 79]
[121, 11]
[119, 75]
[116, 189]
[106, 225]
[117, 10]
[106, 209]
[72, 179]
[107, 211]
[129, 124]
[106, 210]
[94, 123]
[105, 211]
[115, 163]
[107, 210]
[107, 219]
[116, 49]
[117, 45]
[118, 115]
[118, 58]
[116, 16]
[85, 152]
[94, 111]
[78, 31]
[122, 12]
[47, 165]
[55, 57]
[24, 197]
[106, 209]
[75, 55]
[66, 126]
[106, 226]
[63, 161]
[119, 0]
[121, 6]
[106, 210]
[120, 113]
[123, 94]
[115, 162]
[63, 188]
[107, 230]
[48, 192]
[126, 17]
[106, 224]
[116, 36]
[121, 93]
[117, 164]
[92, 4]
[106, 211]
[91, 70]
[71, 51]
[121, 60]
[123, 49]
[120, 76]
[0, 200]
[129, 122]
[116, 112]
[116, 55]
[121, 85]
[116, 174]
[107, 223]
[91, 61]
[115, 161]
[121, 67]
[116, 99]
[113, 41]
[129, 126]
[115, 130]
[61, 102]
[112, 44]
[42, 163]
[67, 187]
[51, 83]
[106, 210]
[107, 229]
[106, 230]
[48, 157]
[121, 20]
[51, 182]
[117, 67]
[107, 224]
[122, 43]
[131, 145]
[106, 224]
[79, 102]
[123, 25]
[116, 26]
[61, 131]
[91, 84]
[140, 144]
[126, 121]
[117, 183]
[112, 161]
[140, 145]
[129, 149]
[165, 7]
[113, 171]
[119, 78]
[127, 146]
[130, 108]
[127, 7]
[126, 127]
[141, 119]
[129, 144]
[164, 21]
[103, 198]
[128, 144]
[87, 151]
[113, 226]
[115, 128]
[140, 118]
[92, 191]
[135, 12]
[140, 152]
[154, 8]
[128, 66]
[127, 59]
[127, 151]
[136, 115]
[207, 15]
[182, 34]
[240, 129]
[259, 19]
[137, 82]
[138, 129]
[142, 124]
[127, 126]
[162, 145]
[136, 160]
[241, 128]
[241, 128]
[242, 127]
[149, 4]
[241, 128]
[133, 169]
[150, 184]
[241, 129]
[199, 32]
[189, 13]
[140, 144]
[241, 128]
[147, 64]
[242, 127]
[221, 26]
[137, 170]
[257, 11]
[241, 128]
[241, 128]
[142, 91]
[305, 21]
[98, 164]
[139, 120]
[241, 128]
[241, 128]
[128, 116]
[140, 152]
[127, 160]
[132, 45]
[241, 128]
[241, 129]
[241, 128]
[138, 116]
[241, 128]
[241, 128]
[241, 127]
[141, 143]
[241, 129]
[161, 81]
[241, 128]
[241, 128]
[241, 128]
[241, 128]
[135, 23]
[130, 141]
[241, 128]
[139, 140]
[241, 128]
[200, 17]
[241, 129]
[171, 27]
[154, 73]
[241, 128]
[241, 128]
[101, 189]
[141, 104]
[140, 118]
[241, 128]
[241, 127]
[241, 128]
[164, 41]
[138, 91]
[241, 129]
[185, 9]
[241, 128]
[241, 128]
[160, 47]
[139, 141]
[151, 45]
[128, 152]
[128, 142]
[241, 128]
[240, 128]
[132, 47]
[241, 128]
[241, 128]
[149, 100]
[241, 128]
[129, 109]
[241, 128]
[241, 128]
[131, 87]
[164, 11]
[156, 19]
[137, 184]
[142, 131]
[140, 16]
[132, 15]
[241, 128]
[139, 152]
[241, 128]
[241, 128]
[199, 21]
[163, 8]
[141, 121]
[141, 153]
[139, 129]
[192, 17]
[116, 194]
[241, 128]
[231, 56]
[159, 125]
[128, 152]
[136, 59]
[140, 46]
[241, 127]
[241, 128]
[240, 129]
[161, 78]
[140, 146]
[241, 128]
[241, 127]
[181, 4]
[241, 128]
[241, 128]
[159, 67]
[241, 127]
[156, 155]
[242, 128]
[155, 63]
[114, 208]
[114, 184]
[140, 118]
[137, 84]
[141, 153]
[241, 128]
[159, 12]
[136, 155]
[147, 24]
[227, 43]
[241, 128]
[241, 128]
[140, 118]
[115, 210]
[161, 85]
[162, 53]
[112, 193]
[241, 128]
[139, 32]
[121, 204]
[163, 106]
[140, 125]
[241, 128]
[241, 129]
[139, 153]
[241, 128]
[241, 127]
[167, 5]
[241, 128]
[155, 34]
[241, 129]
[241, 128]
[113, 196]
[140, 120]
[140, 118]
[241, 128]
[141, 120]
[241, 128]
[116, 221]
[139, 153]
[241, 128]
[121, 169]
[241, 129]
[241, 128]
[241, 127]
[241, 128]
[135, 13]
[241, 127]
[113, 227]
[241, 128]
[138, 141]
[160, 20]
[241, 128]
[134, 177]
[241, 128]
[187, 38]
[161, 80]
[241, 129]
[241, 128]
[139, 148]
[241, 128]
[241, 128]
[265, 27]
[241, 127]
[241, 128]
[241, 129]
[163, 60]
[242, 128]
[161, 125]
[130, 116]
[204, 38]
[172, 84]
[241, 128]
[241, 128]
[241, 128]
[241, 128]
[241, 127]
[251, 20]
[259, 14]
[162, 197]
[161, 90]
[241, 128]
[241, 129]
[161, 4]
[241, 128]
[241, 129]
[131, 188]
[241, 127]
[161, 54]
[241, 128]
[241, 128]
[241, 128]
[171, 17]
[249, 16]
[241, 128]
[241, 129]
[241, 128]
[252, 20]
[241, 128]
[186, 46]
[241, 128]
[200, 23]
[160, 163]
[249, 14]
[241, 128]
[160, 73]
[241, 128]
[241, 127]
[241, 127]
[241, 128]
[241, 128]
[241, 127]
[220, 56]
[241, 127]
[241, 129]
[241, 127]
[161, 102]
[242, 128]
[240, 127]
[241, 127]
[241, 128]
[194, 24]
[241, 128]
[218, 53]
[241, 128]
[145, 84]
[241, 128]
[241, 127]
[241, 127]
[240, 128]
[241, 127]
[162, 63]
[241, 127]
[241, 128]
[201, 7]
[241, 127]
[240, 129]
[241, 128]
[241, 128]
[241, 128]
[187, 19]
[241, 128]
[241, 127]
[241, 128]
[151, 3]
[258, 18]
[241, 129]
[216, 22]
[200, 8]
[160, 153]
[232, 34]
[241, 127]
[241, 128]
[161, 152]
[161, 98]
[131, 196]
[229, 20]
[241, 128]
[241, 128]
[241, 128]
[241, 128]
[231, 9]
[275, 20]
[241, 127]
[241, 128]
[220, 24]
[189, 48]
[157, 73]
[241, 129]
[241, 128]
[248, 12]
[241, 128]
[241, 129]
[241, 128]
[241, 127]
[241, 129]
[241, 128]
[241, 129]
[143, 98]
[282, 15]
[155, 117]
[177, 34]
[241, 128]
[148, 80]
[241, 128]
[193, 9]
[241, 127]
[241, 128]
[130, 77]
[241, 129]
[241, 128]
[161, 149]
[277, 19]
[254, 29]
[135, 1]
[152, 90]
[162, 131]
[241, 128]
[163, 123]
[240, 128]
[163, 0]
[288, 21]
[241, 127]
[241, 128]
[241, 128]
[160, 159]
[162, 142]
[259, 24]
[163, 76]
[241, 128]
[241, 128]
[241, 128]
[241, 128]
[172, 49]
[241, 128]
[240, 128]
[185, 6]
[241, 128]
[241, 129]
[240, 128]
[241, 128]
[241, 128]
[183, 4]
[241, 128]
[240, 127]
[179, 15]
[133, 178]
[241, 127]
[241, 128]
[144, 79]
[122, 160]
[241, 127]
[241, 126]
[241, 127]
[184, 6]
[221, 9]
[241, 127]
[241, 128]
[142, 149]
[145, 29]
[241, 128]
[241, 129]
[241, 128]
[161, 77]
[155, 91]
[242, 127]
[162, 61]
[161, 98]
[168, 43]
[241, 126]
[186, 4]
[141, 124]
[159, 119]
[241, 129]
[131, 87]
[272, 14]
[174, 3]
[135, 132]
[241, 128]
[133, 56]
[241, 130]
[163, 223]
[173, 4]
[115, 227]
[241, 128]
[160, 103]
[241, 128]
[241, 127]
[241, 128]
[278, 16]
[128, 118]
[241, 128]
[241, 127]
[241, 128]
[241, 128]
[159, 4]
[241, 128]
[242, 128]
[241, 128]
[241, 128]
[241, 127]
[240, 129]
[241, 128]
[229, 46]
[215, 24]
[162, 125]
[241, 128]
[241, 128]
[241, 128]
[114, 221]
[181, 7]
[241, 129]
[242, 128]
[163, 3]
[196, 39]
[172, 3]
[191, 7]
[240, 128]
[241, 128]
[209, 25]
[241, 128]
[213, 16]
[241, 127]
[241, 127]
[241, 128]
[187, 40]
[141, 118]
[142, 116]
[241, 129]
[160, 73]
[241, 129]
[241, 128]
[241, 128]
[237, 20]
[241, 128]
[197, 46]
[242, 129]
[241, 129]
[162, 62]
[183, 8]
[184, 52]
[241, 128]
[202, 9]
[241, 128]
[275, 37]
[160, 97]
[242, 128]
[241, 129]
[241, 128]
[241, 128]
[241, 127]
[242, 47]
[241, 128]
[200, 9]
[201, 10]
[173, 52]
[241, 127]
[241, 127]
[241, 128]
[241, 127]
[209, 51]
[241, 128]
[241, 127]
[138, 129]
[156, 134]
[242, 129]
[268, 14]
[240, 128]
[240, 129]
[241, 129]
[162, 121]
[241, 129]
[159, 46]
[100, 196]
[241, 127]
[161, 128]
[241, 127]
[241, 128]
[241, 128]
[149, 83]
[240, 9]
[241, 128]
[162, 132]
[241, 127]
[241, 127]
[213, 8]
[241, 128]
[241, 127]
[241, 129]
[241, 127]
[156, 86]
[241, 127]
[241, 128]
[241, 127]
[241, 129]
[186, 27]
[161, 113]
[241, 127]
[168, 6]
[220, 9]
[163, 45]
[241, 128]
[241, 128]
[113, 224]
[201, 25]
[178, 5]
[241, 128]
[241, 128]
[241, 128]
[241, 128]
[241, 128]
[241, 129]
[241, 128]
[242, 127]
[241, 128]
[157, 6]
[162, 96]
[241, 128]
[241, 128]
[241, 129]
[139, 151]
[241, 127]
[158, 105]
[241, 128]
[241, 128]
[115, 216]
[241, 128]
[241, 129]
[222, 20]
[180, 31]
[240, 127]
[241, 128]
[137, 153]
[241, 128]
[241, 129]
[142, 78]
[241, 127]
[241, 128]
[162, 71]
[242, 129]
[162, 86]
[154, 86]
[141, 128]
[230, 25]
[241, 128]
[163, 84]
[213, 9]
[166, 42]
[139, 142]
[141, 167]
[188, 49]
[222, 33]
[241, 128]
[241, 127]
[241, 127]
[229, 29]
[241, 127]
[241, 128]
[241, 128]
[241, 127]
[241, 128]
[241, 128]
[241, 128]
[160, 129]
[178, 5]
[146, 44]
[241, 128]
[241, 127]
[241, 127]
[211, 6]
[241, 127]
[241, 128]
[241, 127]
[242, 127]
[160, 84]
[154, 26]
[241, 129]
[232, 10]
[241, 128]
[194, 34]
[183, 24]
[156, 165]
[242, 128]
[241, 129]
[241, 128]
[161, 71]
[241, 129]
[241, 128]
[151, 1]
[141, 149]
[241, 129]
[204, 7]
[162, 89]
[187, 49]
[141, 41]
[241, 127]
[242, 128]
[241, 127]
[231, 20]
[241, 127]
[241, 128]
[241, 127]
[241, 127]
[240, 128]
[241, 127]
[241, 128]
[196, 17]
[241, 128]
[158, 61]
[241, 128]
[272, 24]
[160, 127]
[161, 146]
[202, 6]
[142, 92]
[241, 127]
[241, 127]
[241, 128]
[241, 128]
[174, 19]
[241, 128]
[229, 53]
[241, 128]
[241, 127]
[160, 128]
[241, 128]
[122, 175]
[144, 2]
[242, 128]
[241, 128]
[241, 128]
[138, 108]
[241, 129]
[242, 129]
[161, 147]
[241, 129]
[244, 23]
[241, 127]
[242, 127]
[141, 99]
[205, 6]
[161, 86]
[241, 127]
[266, 15]
[240, 126]
[210, 18]
[140, 142]
[161, 114]
[241, 128]
[161, 60]
[241, 128]
[241, 128]
[140, 117]
[241, 128]
[165, 29]
[137, 128]
[241, 127]
[241, 128]
[242, 129]
[196, 30]
[241, 128]
[160, 1]
[241, 128]
[163, 80]
[241, 128]
[241, 127]
[241, 127]
[141, 118]
[241, 128]
[139, 117]
[241, 128]
[241, 128]
[164, 9]
[241, 128]
[241, 128]
[241, 127]
[241, 129]
[149, 1]
[241, 127]
[236, 10]
[170, 10]
[241, 128]
[241, 127]
[230, 44]
[149, 0]
[241, 128]
[239, 19]
[241, 128]
[240, 128]
[241, 128]
[160, 92]
[241, 128]
[241, 128]
[241, 128]
[241, 128]
[241, 127]
[210, 25]
[163, 20]
[241, 128]
[163, 29]
[241, 128]
[241, 128]
[202, 24]
[241, 128]
[210, 4]
[148, 79]
[241, 128]
[194, 42]
[157, 89]
[127, 105]
[241, 127]
[241, 128]
[153, 136]
[241, 127]
[136, 97]
[241, 128]
[242, 128]
[241, 128]
[241, 128]
[185, 31]
[241, 128]
[241, 128]
[160, 184]
[178, 8]
[192, 6]
[241, 128]
[160, 79]
[188, 38]
[212, 14]
[241, 127]
[242, 128]
[241, 127]
[161, 2]
[144, 40]
[241, 128]
[241, 127]
[135, 69]
[241, 128]
[241, 128]
[139, 119]
[241, 128]
[241, 128]
[241, 127]
[241, 128]
[161, 153]
[241, 127]
[183, 39]
[218, 20]
[241, 128]
[240, 128]
[241, 128]
[241, 128]
[241, 128]
[241, 127]
[204, 31]
[241, 128]
[241, 128]
[241, 126]
[136, 85]
[241, 128]
[241, 127]
[241, 128]
[241, 128]
[198, 5]
[254, 20]
[181, 25]
[241, 128]
[241, 128]
[160, 80]
[161, 136]
[241, 128]
[242, 128]
[241, 129]
[241, 128]
[169, 33]
[241, 127]
[176, 6]
[241, 127]
[117, 224]
[140, 150]
[212, 38]
[191, 5]
[200, 38]
[219, 11]
[241, 128]
[159, 88]
[163, 179]
[163, 64]
[241, 128]
[186, 54]
[241, 126]
[150, 42]
[241, 127]
[240, 128]
[113, 208]
[241, 128]
[138, 128]
[156, 15]
[231, 9]
[178, 32]
[241, 128]
[140, 127]
[123, 199]
[141, 145]
[161, 108]
[242, 128]
[241, 128]
[241, 128]
[162, 156]
[241, 128]
[181, 3]
[153, 61]
[241, 128]
[241, 127]
[241, 128]
[139, 196]
[160, 138]
[241, 128]
[140, 126]
[133, 41]
[241, 129]
