[311, 177]
[243, 192]
[243, 192]
[243, 192]
[242, 192]
[242, 192]
[243, 192]
[223, 134]
[208, 152]
[242, 192]
[208, 153]
[242, 192]
[242, 192]
[208, 185]
[215, 135]
[242, 192]
[209, 152]
[242, 192]
[242, 192]
[208, 153]
[242, 192]
[242, 192]
[242, 192]
[242, 192]
[207, 172]
[308, 209]
[242, 192]
[256, 135]
[242, 192]
[308, 215]
[308, 209]
[187, 161]
[242, 192]
[208, 153]
[242, 192]
[267, 136]
[242, 192]
[242, 192]
[285, 137]
[296, 79]
[284, 0]
[242, 192]
[242, 192]
[308, 210]
[242, 192]
[242, 192]
[242, 192]
[242, 192]
[308, 210]
[308, 212]
[210, 152]
[308, 210]
[242, 192]
[269, 136]
[242, 192]
[242, 192]
[242, 192]
[207, 161]
[302, 78]
[242, 192]
[308, 214]
[242, 192]
[242, 192]
[308, 206]
[308, 213]
[309, 139]
[308, 218]
[242, 192]
[189, 150]
[242, 192]
[242, 192]
[308, 215]
[242, 192]
[242, 192]
[308, 211]
[243, 136]
[207, 168]
[242, 192]
[308, 216]
[284, 137]
[268, 136]
[307, 215]
[242, 192]
[242, 192]
[307, 214]
[242, 192]
[191, 150]
[311, 139]
[242, 192]
[308, 208]
[272, 137]
[194, 149]
[207, 152]
[242, 192]
[268, 136]
[308, 211]
[242, 192]
[207, 166]
[207, 191]
[207, 157]
[242, 192]
[242, 192]
[282, 137]
[308, 214]
[254, 135]
[242, 192]
[242, 192]
[308, 214]
[207, 183]
[242, 192]
[256, 135]
[308, 216]
[192, 150]
[300, 77]
[310, 138]
[208, 182]
[308, 211]
[231, 134]
[208, 152]
[242, 192]
[242, 192]
[242, 192]
[242, 192]
[242, 192]
[242, 192]
[280, 136]
[308, 206]
[289, 137]
[174, 183]
[260, 135]
[282, 136]
[185, 169]
[207, 165]
[258, 135]
[243, 192]
[266, 74]
[283, 76]
[242, 192]
[308, 214]
[257, 135]
[311, 138]
[242, 192]
[242, 192]
[308, 217]
[208, 152]
[207, 151]
[263, 135]
[194, 149]
[184, 200]
[308, 209]
[208, 153]
[206, 206]
[207, 184]
[311, 138]
[208, 160]
[308, 79]
[300, 78]
[308, 213]
[207, 152]
[194, 149]
[308, 207]
[267, 135]
[209, 153]
[268, 135]
[308, 214]
[207, 162]
[270, 136]
[252, 74]
[242, 192]
[287, 77]
[242, 192]
[261, 135]
[288, 76]
[207, 161]
[247, 74]
[243, 134]
[281, 137]
[195, 149]
[242, 192]
[308, 209]
[208, 162]
[242, 192]
[242, 192]
[277, 136]
[237, 134]
[242, 192]
[242, 192]
[242, 192]
[242, 192]
[222, 135]
[285, 137]
[308, 212]
[242, 192]
[242, 134]
[308, 208]
[208, 152]
[222, 133]
[207, 201]
[244, 134]
[271, 2]
[222, 134]
[190, 149]
[272, 75]
[207, 158]
[208, 153]
[242, 192]
[242, 192]
[186, 165]
[217, 134]
[263, 14]
[231, 134]
[242, 192]
[239, 135]
[208, 159]
[246, 135]
[283, 76]
[242, 192]
[193, 150]
[308, 212]
[251, 134]
[268, 136]
[265, 135]
[242, 192]
[281, 136]
[262, 135]
[190, 149]
[293, 136]
[173, 167]
[253, 134]
[243, 135]
[308, 212]
[242, 192]
[242, 192]
[231, 133]
[262, 75]
[208, 167]
[242, 192]
[242, 192]
[178, 139]
[256, 74]
[242, 134]
[292, 76]
[184, 167]
[241, 192]
[242, 192]
[308, 213]
[308, 211]
[231, 135]
[245, 134]
[208, 151]
[221, 133]
[287, 77]
[242, 192]
[208, 151]
[185, 162]
[282, 75]
[242, 192]
[308, 138]
[246, 134]
[308, 212]
[308, 207]
[308, 214]
[287, 76]
[242, 192]
[242, 192]
[307, 213]
[254, 135]
[298, 137]
[242, 192]
[247, 135]
[302, 137]
[227, 133]
[242, 192]
[242, 192]
[242, 192]
[242, 191]
[242, 192]
[186, 157]
[293, 137]
[207, 183]
[270, 136]
[242, 192]
[242, 192]
[269, 136]
[208, 161]
[290, 76]
[277, 135]
[271, 136]
[307, 208]
[308, 207]
[238, 134]
[308, 211]
[308, 208]
[219, 134]
[287, 136]
[249, 135]
[298, 137]
[248, 134]
[242, 192]
[242, 192]
[242, 192]
[185, 185]
[242, 192]
[286, 4]
[242, 192]
[223, 134]
[175, 148]
[293, 138]
[301, 78]
[190, 149]
[184, 199]
[242, 192]
[251, 134]
[242, 192]
[186, 164]
[256, 135]
[283, 75]
[288, 137]
[242, 192]
[187, 158]
[308, 209]
[239, 135]
[258, 74]
[279, 136]
[292, 76]
[254, 135]
[225, 134]
[246, 134]
[221, 133]
[242, 191]
[288, 76]
[246, 135]
[242, 192]
[220, 134]
[218, 135]
[289, 77]
[253, 134]
[246, 134]
[284, 136]
[246, 134]
[196, 151]
[238, 134]
[286, 137]
[307, 214]
[311, 78]
[307, 213]
[244, 135]
[265, 12]
[242, 192]
[260, 135]
[191, 150]
[242, 192]
[186, 162]
[185, 164]
[308, 210]
[308, 208]
[242, 192]
[209, 152]
[242, 192]
[242, 192]
[242, 192]
[242, 192]
[196, 150]
[190, 155]
[257, 135]
[301, 78]
[221, 133]
[279, 77]
[242, 192]
[242, 192]
[269, 134]
[307, 78]
[234, 134]
[186, 191]
[189, 150]
[242, 192]
[257, 135]
[300, 139]
[209, 151]
[184, 169]
[252, 133]
[187, 157]
[308, 214]
[242, 192]
[242, 192]
[288, 137]
[188, 150]
[309, 78]
[263, 135]
[207, 151]
[310, 138]
[242, 192]
[299, 138]
[229, 134]
[242, 192]
[299, 138]
[287, 76]
[308, 215]
[187, 160]
[186, 163]
[310, 78]
[221, 134]
[242, 192]
[307, 214]
[270, 136]
[242, 192]
[206, 152]
[207, 181]
[241, 135]
[270, 0]
[308, 209]
[217, 134]
[288, 137]
[207, 184]
[309, 36]
[194, 149]
[265, 75]
[207, 164]
[308, 214]
[300, 78]
[270, 135]
[273, 76]
[242, 192]
[208, 152]
[220, 134]
[273, 76]
[242, 192]
[242, 192]
[308, 210]
[269, 135]
[294, 77]
[209, 152]
[262, 75]
[307, 211]
[269, 135]
[302, 138]
[310, 78]
[207, 156]
[283, 76]
[242, 192]
[196, 150]
[301, 138]
[233, 134]
[191, 151]
[308, 207]
[207, 152]
[249, 134]
[308, 212]
[308, 209]
[308, 210]
[242, 192]
[242, 192]
[308, 208]
[279, 136]
[242, 192]
[242, 192]
[242, 192]
[242, 192]
[242, 191]
[186, 161]
[242, 192]
[242, 192]
[240, 135]
[184, 193]
[295, 136]
[242, 192]
[299, 138]
[193, 150]
[263, 74]
[245, 135]
[266, 75]
[308, 215]
[248, 135]
[308, 209]
[238, 134]
[242, 192]
[242, 192]
[257, 136]
[299, 77]
[308, 207]
[207, 162]
[300, 78]
[208, 152]
[294, 78]
[210, 152]
[240, 135]
[279, 21]
[264, 74]
[307, 214]
[250, 134]
[242, 192]
[276, 136]
[220, 135]
[207, 151]
[255, 74]
[242, 192]
[220, 134]
[310, 139]
[247, 134]
[209, 152]
[308, 209]
[256, 73]
[219, 134]
[243, 192]
[242, 192]
[276, 137]
[242, 192]
[190, 150]
[242, 192]
[220, 134]
[211, 134]
[186, 184]
[266, 135]
[283, 137]
[285, 74]
[311, 79]
[245, 133]
[308, 210]
[207, 192]
[242, 192]
[277, 137]
[187, 159]
[260, 135]
[194, 150]
[290, 7]
[207, 134]
[237, 134]
[308, 215]
[206, 151]
[308, 138]
[248, 135]
[242, 192]
[207, 154]
[270, 136]
[242, 192]
[287, 138]
[308, 208]
[242, 192]
[308, 209]
[251, 135]
[246, 135]
[238, 134]
[242, 192]
[222, 134]
[242, 192]
[308, 210]
[300, 137]
[287, 136]
[308, 213]
[309, 215]
[287, 137]
[242, 192]
[242, 192]
[242, 192]
[242, 192]
[311, 138]
[186, 162]
[242, 192]
[242, 192]
[308, 210]
[288, 5]
[207, 165]
[209, 152]
[193, 150]
[242, 192]
[206, 194]
[242, 192]
[239, 135]
[242, 192]
[290, 137]
[190, 149]
[195, 150]
[230, 134]
[311, 139]
[285, 137]
[290, 137]
[242, 192]
[242, 192]
[242, 192]
[242, 192]
[196, 150]
[292, 77]
[308, 213]
[207, 152]
[209, 152]
[242, 192]
[185, 157]
[229, 134]
[233, 134]
[268, 136]
[206, 152]
[193, 150]
[282, 4]
[242, 192]
[307, 215]
[242, 192]
[232, 134]
[300, 138]
[184, 186]
[242, 192]
[242, 192]
[242, 192]
[287, 137]
[304, 138]
[242, 192]
[184, 169]
[274, 136]
[242, 192]
[246, 135]
[207, 151]
[275, 136]
[276, 136]
[207, 152]
[242, 192]
[208, 152]
[231, 133]
[288, 137]
[207, 152]
[307, 214]
[207, 152]
[208, 152]
[207, 158]
[267, 74]
[249, 135]
[246, 135]
[242, 192]
[196, 150]
[242, 192]
[198, 151]
[242, 192]
[242, 192]
[242, 192]
[242, 192]
[207, 164]
[249, 135]
[287, 136]
[242, 192]
[188, 150]
[242, 192]
[242, 192]
[242, 192]
[195, 150]
[242, 192]
[242, 192]
[207, 154]
[207, 151]
[208, 151]
[284, 137]
[196, 149]
[308, 207]
[246, 135]
[310, 139]
[256, 74]
[311, 139]
[242, 192]
[308, 216]
[242, 192]
[308, 212]
[282, 77]
[206, 179]
[294, 28]
[308, 216]
[242, 192]
[242, 192]
[186, 156]
[242, 192]
[242, 192]
[252, 135]
[307, 213]
[242, 192]
[242, 192]
[308, 211]
[239, 134]
[232, 134]
[191, 149]
[242, 192]
[242, 192]
[186, 150]
[308, 208]
[242, 192]
[289, 137]
[242, 192]
[242, 192]
[242, 192]
[231, 134]
[220, 133]
[288, 138]
[242, 192]
[197, 150]
[308, 215]
[187, 150]
[242, 192]
[267, 135]
[242, 192]
[261, 135]
[239, 134]
[242, 192]
[280, 136]
[207, 183]
[190, 149]
[242, 192]
[296, 77]
[242, 192]
[308, 216]
[309, 79]
[308, 215]
[242, 192]
[208, 159]
[242, 192]
[246, 135]
[254, 135]
[185, 209]
[207, 155]
[242, 192]
[242, 192]
[260, 135]
[242, 192]
[242, 192]
[242, 192]
[242, 192]
[242, 192]
[237, 134]
[286, 76]
[242, 192]
[242, 192]
[194, 150]
[242, 192]
[242, 192]
[189, 150]
[280, 136]
[242, 192]
[242, 192]
[271, 135]
[229, 135]
[207, 152]
[209, 162]
[242, 192]
[282, 77]
[242, 192]
[250, 134]
[290, 137]
[174, 190]
[308, 208]
[242, 192]
[210, 151]
[243, 134]
[191, 150]
[251, 135]
[246, 73]
[208, 161]
[242, 192]
[310, 139]
[242, 192]
[259, 74]
[308, 210]
[220, 135]
[307, 216]
[234, 134]
[207, 177]
[248, 134]
[228, 134]
[230, 134]
[208, 153]
[307, 215]
[206, 174]
[274, 135]
[242, 192]
[308, 207]
[276, 75]
[242, 192]
[245, 135]
[232, 134]
[242, 192]
[242, 192]
[265, 135]
[296, 77]
[242, 192]
[300, 76]
[172, 203]
[247, 134]
[308, 213]
[207, 158]
[301, 77]
[242, 192]
[276, 136]
[242, 192]
[283, 137]
[196, 150]
[247, 135]
[308, 210]
[311, 79]
[309, 213]
[253, 134]
[207, 156]
[229, 134]
[289, 137]
[292, 76]
[285, 12]
[242, 192]
[242, 192]
[284, 137]
[248, 135]
[223, 133]
[242, 192]
[208, 163]
[242, 192]
[208, 184]
[303, 79]
[242, 192]
[231, 135]
[307, 214]
[207, 183]
[231, 134]
[208, 151]
[242, 192]
[248, 134]
[267, 135]
[243, 192]
[190, 150]
[308, 212]
[303, 139]
[284, 136]
[184, 158]
[223, 134]
[209, 152]
[242, 192]
[242, 192]
[186, 152]
[206, 204]
[207, 152]
[175, 144]
[229, 134]
[289, 76]
[287, 25]
[301, 78]
[242, 192]
[207, 151]
[308, 209]
[222, 133]
[231, 134]
[263, 135]
[207, 152]
[242, 192]
[233, 134]
[207, 153]
[237, 134]
[308, 209]
[194, 149]
[242, 192]
[256, 73]
[188, 151]
[258, 135]
[242, 192]
[189, 150]
[285, 10]
[195, 149]
[242, 192]
[207, 160]
[289, 76]
[302, 96]
[207, 168]
[256, 74]
[307, 78]
[292, 77]
[207, 151]
[287, 137]
[277, 136]
[271, 136]
[242, 192]
[308, 209]
[188, 149]
[197, 149]
[308, 208]
[242, 192]
[242, 192]
[178, 154]
[303, 77]
[301, 137]
[196, 150]
[285, 137]
[195, 150]
[233, 133]
[208, 152]
[242, 192]
[300, 78]
[263, 74]
[208, 153]
[308, 210]
[289, 77]
[242, 192]
[308, 211]
[207, 163]
[289, 77]
[248, 134]
[308, 216]
[268, 135]
[185, 158]
[207, 164]
[242, 192]
[246, 73]
[184, 156]
[206, 166]
[190, 150]
[242, 192]
[301, 138]
[242, 192]
[231, 134]
[236, 134]
[236, 134]
[220, 134]
[286, 137]
[187, 157]
[242, 192]
[268, 136]
[242, 192]
[242, 191]
[308, 216]
[266, 135]
[208, 152]
[308, 79]
[207, 180]
[307, 79]
[297, 137]
[184, 158]
[309, 138]
[237, 135]
[308, 209]
[242, 192]
[218, 134]
[309, 138]
[303, 138]
[195, 150]
[279, 137]
[242, 191]
[242, 192]
[242, 192]
[289, 32]
[307, 215]
[279, 137]
[211, 150]
[287, 136]
[302, 138]
[242, 192]
[308, 211]
[198, 150]
[240, 134]
[186, 169]
[206, 151]
[308, 216]
[242, 192]
[207, 151]
[308, 213]
[279, 136]
[308, 215]
[293, 77]
[304, 138]
[308, 216]
[207, 151]
[194, 155]
[242, 192]
[188, 150]
[242, 192]
[308, 217]
[242, 192]
[242, 192]
[234, 134]
[242, 192]
[234, 134]
[242, 192]
[207, 160]
[242, 192]
[242, 192]
[308, 208]
[287, 137]
[263, 135]
[308, 215]
[208, 152]
[242, 192]
[308, 212]
[286, 137]
[308, 211]
[242, 192]
[242, 192]
[242, 192]
[207, 169]
[186, 158]
[236, 134]
[207, 164]
[308, 209]
[242, 192]
[242, 192]
[182, 138]
[242, 192]
[242, 192]
[283, 76]
[242, 192]
[242, 192]
[308, 207]
[307, 215]
[269, 2]
[242, 192]
[242, 192]
[242, 192]
[290, 137]
[207, 164]
[185, 163]
[250, 135]
[308, 215]
[242, 192]
[208, 161]
[277, 76]
[308, 213]
[242, 192]
[188, 150]
[242, 192]
[242, 192]
[260, 134]
[242, 192]
[242, 192]
[242, 192]
[238, 135]
[290, 138]
[242, 192]
[308, 207]
[308, 212]
[286, 138]
[207, 152]
[207, 156]
[284, 76]
[242, 192]
[286, 137]
[242, 192]
[242, 192]
[245, 134]
[280, 76]
[242, 192]
[249, 134]
[232, 135]
[242, 192]
[242, 192]
[195, 149]
[187, 155]
[280, 137]
[207, 153]
[261, 75]
[186, 164]
[290, 138]
[242, 192]
[304, 78]
[242, 192]
[275, 26]
[242, 192]
[287, 138]
[195, 150]
[208, 157]
[200, 150]
[242, 192]
[288, 137]
[242, 192]
[242, 192]
[242, 192]
[242, 192]
[174, 170]
[207, 183]
[242, 192]
[242, 192]
[172, 185]
[308, 209]
[242, 192]
[290, 136]
[242, 192]
[242, 192]
[242, 192]
[242, 192]
[184, 172]
[242, 192]
[308, 214]
[269, 136]
[208, 159]
[242, 192]
[308, 211]
[308, 206]
[246, 134]
[208, 166]
[242, 192]
[242, 192]
[242, 192]
[303, 78]
[242, 192]
[208, 179]
[242, 192]
[308, 215]
[191, 149]
[242, 192]
[207, 168]
[242, 192]
[242, 192]
[242, 192]
[242, 192]
[301, 78]
[242, 192]
[193, 149]
[242, 192]
[242, 192]
[242, 192]
[242, 192]
[308, 210]
[242, 192]
[242, 192]
[207, 166]
[242, 192]
[308, 208]
[292, 76]
[308, 215]
[191, 149]
[289, 137]
[242, 192]
[288, 10]
[242, 192]
[282, 137]
[242, 192]
[279, 137]
[308, 213]
[263, 135]
[192, 150]
[207, 151]
[198, 149]
[187, 163]
[308, 212]
[196, 149]
[207, 189]
[206, 165]
[207, 191]
[308, 209]
[308, 212]
[254, 74]
[207, 164]
[189, 150]
[242, 192]
[207, 186]
[308, 138]
[207, 186]
[242, 192]
[242, 192]
[243, 192]
[242, 192]
[185, 170]
[242, 192]
[308, 210]
[218, 134]
[206, 210]
[242, 192]
[243, 134]
[242, 192]
[185, 186]
[242, 192]
[308, 214]
[242, 192]
[208, 151]
[242, 192]
[243, 192]
[242, 192]
[242, 192]
[242, 192]
[242, 192]
[243, 192]
[208, 153]
[242, 192]
[192, 149]
[184, 186]
[186, 151]
[242, 192]
[242, 192]
[308, 215]
[186, 184]
[242, 192]
[255, 135]
[242, 192]
[185, 186]
[276, 136]
[186, 186]
[208, 161]
[242, 192]
[186, 169]
[287, 137]
[308, 209]
[300, 78]
[242, 192]
[242, 192]
[289, 138]
[209, 153]
[242, 192]
[242, 192]
[187, 158]
[279, 136]
[250, 135]
[301, 138]
[308, 211]
[284, 136]
[242, 192]
[254, 135]
[294, 137]
[308, 208]
[310, 138]
[184, 188]
[308, 214]
[242, 192]
[188, 150]
[199, 150]
[207, 184]
[309, 139]
[308, 208]
[191, 150]
[301, 138]
[253, 134]
[291, 137]
[308, 215]
[207, 188]
[244, 135]
[308, 207]
[207, 161]
[242, 192]
[242, 192]
[242, 192]
[308, 216]
[275, 136]
[308, 215]
[308, 215]
[266, 76]
[284, 77]
[308, 207]
[308, 214]
[242, 192]
[242, 192]
[242, 192]
[242, 192]
[290, 9]
[233, 134]
[207, 198]
[242, 192]
[308, 216]
[308, 212]
[311, 78]
[219, 134]
[289, 136]
[208, 152]
[308, 209]
[242, 192]
[233, 134]
[185, 159]
[242, 192]
[242, 192]
[308, 217]
[242, 192]
[242, 192]
[192, 149]
[197, 149]
[208, 152]
[300, 137]
[286, 138]
[242, 192]
[289, 77]
[281, 136]
[308, 214]
[308, 208]
[242, 192]
[252, 134]
[242, 192]
[310, 78]
[238, 135]
[283, 76]
[311, 140]
[242, 192]
[308, 207]
[308, 208]
[301, 78]
[242, 192]
[242, 192]
[242, 192]
[274, 137]
[226, 134]
[301, 138]
[242, 192]
[209, 155]
[242, 192]
[309, 139]
[242, 192]
[308, 206]
[242, 192]
[242, 192]
[242, 192]
[308, 216]
[242, 192]
[252, 135]
[270, 135]
[190, 148]
[242, 192]
[207, 187]
[242, 192]
[190, 149]
[242, 192]
[242, 192]
[207, 151]
[242, 192]
[186, 173]
[242, 192]
[242, 192]
[242, 192]
[242, 192]
[242, 192]
[176, 147]
[242, 192]
[242, 192]
[207, 162]
[189, 150]
[199, 149]
[186, 206]
[286, 137]
[255, 74]
[208, 155]
[242, 192]
[284, 137]
[242, 192]
[290, 28]
[242, 192]
[242, 192]
[286, 137]
[308, 210]
[308, 208]
[207, 167]
[242, 192]
[306, 138]
[242, 192]
[308, 208]
[242, 192]
[282, 137]
[233, 134]
[271, 136]
[268, 0]
[242, 192]
[242, 192]
[242, 192]
[242, 192]
[308, 216]
[242, 192]
[186, 171]
[307, 215]
[238, 135]
[242, 192]
[242, 192]
[238, 134]
[208, 162]
[242, 192]
[310, 138]
[242, 192]
[242, 192]
[192, 148]
[308, 207]
[191, 149]
[208, 161]
[206, 152]
[221, 134]
[208, 158]
[210, 152]
[242, 192]
[244, 134]
[242, 192]
[242, 192]
[242, 192]
[208, 156]
[232, 134]
[308, 212]
[242, 192]
[242, 192]
[249, 133]
[308, 214]
[242, 192]
[198, 149]
[308, 209]
[301, 138]
[242, 192]
[242, 192]
[308, 209]
[290, 137]
[242, 192]
[242, 192]
[256, 134]
[256, 134]
[242, 192]
[190, 150]
[242, 192]
[308, 212]
[292, 77]
[242, 192]
[242, 192]
[308, 216]
[212, 151]
[242, 192]
[242, 192]
[292, 137]
[242, 192]
[242, 192]
[211, 151]
[242, 192]
[242, 192]
[242, 192]
[242, 192]
[308, 210]
[242, 192]
[289, 137]
[308, 208]
[207, 167]
[242, 192]
[207, 165]
[185, 170]
[199, 150]
[242, 192]
[274, 137]
[242, 192]
[242, 192]
[261, 135]
[242, 192]
[308, 208]
[253, 135]
[223, 133]
[242, 192]
[308, 207]
[242, 192]
[308, 216]
[186, 162]
[308, 216]
[242, 192]
[244, 135]
[207, 160]
[242, 192]
[308, 213]
[307, 215]
[268, 137]
[308, 208]
[308, 207]
[269, 137]
[242, 192]
[194, 148]
[242, 192]
[308, 215]
[294, 137]
[207, 176]
[242, 192]
[284, 5]
[233, 133]
[242, 192]
[307, 215]
[208, 152]
[243, 192]
[207, 184]
[289, 16]
[242, 192]
[283, 137]
[242, 192]
[242, 192]
[284, 136]
[308, 213]
[242, 192]
[308, 209]
[207, 213]
[242, 192]
[185, 158]
[206, 203]
[308, 209]
[305, 78]
[243, 192]
[289, 76]
[242, 192]
[242, 192]
[242, 192]
[215, 134]
[207, 191]
[185, 211]
[242, 192]
[242, 192]
[242, 192]
[242, 192]
[188, 158]
[263, 74]
[280, 137]
[242, 192]
[308, 207]
[242, 192]
[308, 209]
[194, 150]
[242, 192]
[242, 192]
[185, 162]
[241, 134]
[184, 159]
[297, 137]
[280, 76]
[307, 209]
[309, 138]
[242, 192]
[242, 192]
[279, 136]
[272, 136]
[242, 192]
[207, 185]
[208, 167]
[209, 152]
[186, 163]
[243, 192]
[258, 74]
[285, 136]
[234, 134]
[289, 77]
[208, 151]
[308, 207]
[242, 192]
[242, 192]
[308, 213]
[242, 192]
[243, 192]
[244, 134]
[186, 167]
[256, 74]
[175, 154]
[242, 192]
[242, 192]
[242, 192]
[195, 150]
[242, 192]
[242, 192]
[305, 138]
[185, 165]
[242, 192]
[242, 192]
[308, 215]
[307, 216]
[242, 192]
[308, 215]
[287, 137]
[242, 192]
[280, 137]
[242, 192]
[239, 134]
[242, 192]
[267, 136]
[242, 192]
[301, 137]
[174, 160]
[208, 164]
[311, 139]
[308, 215]
[242, 192]
[242, 192]
[308, 207]
[308, 215]
[242, 192]
[208, 156]
[209, 152]
[242, 192]
[184, 208]
[308, 214]
[242, 192]
[242, 192]
[242, 191]
[307, 207]
[242, 192]
[210, 151]
[260, 135]
[308, 213]
[242, 192]
[287, 76]
[308, 211]
[279, 136]
[242, 192]
[242, 192]
[242, 192]
[222, 133]
[306, 78]
[242, 192]
[242, 192]
[242, 192]
[308, 208]
[242, 192]
[307, 213]
[242, 192]
[207, 169]
[243, 192]
[242, 192]
[311, 78]
[272, 75]
[242, 192]
[242, 192]
[254, 135]
[280, 76]
[242, 192]
[280, 136]
[242, 192]
[239, 135]
[222, 133]
[281, 137]
[188, 150]
[242, 192]
[247, 135]
[308, 217]
[242, 192]
[242, 192]
[208, 188]
[242, 192]
[269, 136]
[242, 192]
[242, 192]
[207, 164]
[242, 192]
[256, 74]
[242, 192]
[242, 192]
[268, 136]
[242, 192]
[288, 77]
[242, 192]
[207, 173]
[309, 211]
[308, 215]
[268, 136]
[301, 78]
[242, 192]
[242, 192]
[242, 192]
[270, 135]
[248, 135]
[273, 134]
[188, 151]
[208, 159]
[242, 192]
[207, 159]
[255, 134]
[220, 134]
[207, 159]
[285, 137]
[242, 192]
[242, 192]
[242, 192]
[308, 207]
[311, 78]
[223, 133]
[242, 192]
[253, 135]
[242, 192]
[242, 192]
[242, 192]
[282, 137]
[207, 165]
[242, 192]
[269, 135]
[207, 165]
[242, 192]
[242, 192]
[308, 213]
[307, 78]
[197, 149]
[197, 150]
[302, 138]
[242, 192]
[242, 192]
[220, 134]
[242, 192]
[242, 192]
[301, 138]
[208, 152]
[242, 192]
[189, 149]
[309, 79]
[200, 149]
[242, 192]
[242, 192]
[308, 211]
[242, 192]
[242, 192]
[242, 192]
[208, 155]
[208, 154]
[285, 137]
[191, 150]
[242, 192]
[242, 192]
[242, 192]
[308, 214]
[299, 138]
[242, 192]
[300, 138]
[242, 192]
[195, 149]
[308, 213]
[242, 192]
[238, 135]
[221, 133]
[242, 192]
[308, 213]
[242, 192]
[278, 138]
[287, 76]
[252, 134]
[185, 180]
[242, 192]
[298, 137]
[242, 192]
[242, 192]
[238, 134]
[308, 214]
[242, 192]
[308, 213]
[300, 78]
[308, 210]
[242, 192]
[308, 214]
[283, 137]
[308, 209]
[242, 192]
[288, 137]
[242, 192]
[308, 208]
[207, 153]
[242, 192]
[287, 136]
[236, 134]
[195, 149]
[197, 150]
[261, 75]
[242, 192]
[208, 152]
[186, 159]
[242, 192]
[242, 192]
[252, 135]
[248, 134]
[308, 216]
[242, 192]
[242, 192]
[242, 192]
[269, 136]
[240, 134]
[251, 135]
