[190, 187]
[190, 187]
[189, 203]
[198, 78]
[208, 37]
[177, 207]
[188, 209]
[188, 179]
[189, 21]
[151, 0]
[191, 206]
[178, 208]
[177, 204]
[152, 198]
[177, 207]
[179, 201]
[177, 188]
[179, 203]
[189, 180]
[156, 163]
[142, 8]
[177, 206]
[165, 166]
[177, 181]
[163, 171]
[164, 177]
[151, 203]
[177, 186]
[189, 205]
[147, 219]
[136, 231]
[177, 183]
[192, 33]
[163, 229]
[143, 4]
[163, 191]
[165, 161]
[176, 35]
[178, 205]
[168, 143]
[169, 21]
[178, 179]
[187, 179]
[189, 202]
[178, 203]
[179, 210]
[0, 40]
[21, 197]
[33, 16]
[89, 20]
[11, 31]
[3, 25]
[5, 31]
[19, 164]
[50, 18]
[12, 30]
[17, 162]
[8, 27]
[30, 159]
[6, 143]
[45, 37]
[70, 24]
[1, 191]
[28, 192]
[1, 75]
[18, 13]
[30, 149]
[41, 37]
[13, 11]
[16, 31]
[1, 9]
[23, 13]
[15, 42]
[33, 34]
[5, 33]
[19, 7]
[19, 10]
[0, 42]
[13, 25]
[20, 53]
[14, 141]
[30, 59]
[27, 195]
[33, 89]
[74, 21]
[30, 195]
[2, 147]
[47, 17]
[8, 46]
[57, 20]
[31, 168]
[20, 13]
[27, 191]
[85, 20]
[47, 13]
[17, 181]
[10, 170]
[66, 24]
[31, 79]
[26, 128]
[41, 113]
[5, 224]
[31, 81]
[21, 194]
[25, 159]
[22, 104]
[44, 29]
[23, 182]
[28, 130]
[101, 21]
[33, 34]
[69, 28]
[28, 69]
[121, 153]
[108, 26]
[27, 68]
[26, 51]
[26, 163]
[83, 24]
[25, 161]
[25, 193]
[56, 27]
[29, 128]
[10, 40]
[70, 21]
[29, 74]
[25, 66]
[25, 108]
[56, 28]
[27, 159]
[41, 50]
[90, 22]
[104, 23]
[5, 93]
[10, 146]
[33, 48]
[44, 33]
[23, 192]
[31, 65]
[24, 174]
[32, 16]
[24, 148]
[24, 196]
[25, 194]
[21, 194]
[120, 156]
[29, 94]
[60, 15]
[29, 34]
[42, 47]
[19, 13]
[119, 155]
[24, 217]
[25, 178]
[21, 224]
[39, 44]
[121, 154]
[5, 27]
[9, 128]
[27, 170]
[23, 192]
[121, 153]
[31, 115]
[27, 149]
[25, 166]
[31, 43]
[32, 42]
[25, 195]
[130, 24]
[40, 60]
[30, 43]
[27, 182]
[31, 64]
[42, 18]
[22, 225]
[24, 158]
[18, 210]
[15, 91]
[23, 168]
[64, 18]
[25, 150]
[31, 76]
[25, 178]
[22, 148]
[0, 49]
[33, 78]
[120, 156]
[79, 25]
[30, 64]
[15, 157]
[32, 39]
[8, 223]
[27, 171]
[119, 154]
[18, 52]
[26, 164]
[18, 11]
[44, 40]
[27, 80]
[30, 33]
[30, 63]
[7, 74]
[14, 40]
[30, 61]
[121, 155]
[0, 69]
[48, 60]
[33, 18]
[26, 148]
[44, 24]
[27, 143]
[27, 106]
[25, 162]
[26, 158]
[11, 54]
[28, 103]
[16, 58]
[27, 153]
[3, 44]
[26, 178]
[63, 24]
[23, 198]
[26, 182]
[30, 103]
[105, 20]
[24, 171]
[2, 24]
[38, 102]
[25, 174]
[119, 156]
[24, 179]
[85, 19]
[44, 105]
[27, 93]
[26, 176]
[5, 212]
[117, 23]
[14, 126]
[26, 172]
[73, 42]
[12, 215]
[44, 33]
[28, 135]
[112, 23]
[1, 144]
[42, 45]
[31, 103]
[5, 93]
[15, 102]
[27, 102]
[56, 17]
[59, 31]
[34, 163]
[119, 155]
[122, 154]
[25, 208]
[27, 155]
[23, 175]
[25, 125]
[43, 91]
[28, 77]
[51, 56]
[55, 47]
[9, 38]
[27, 116]
[27, 147]
[16, 114]
[13, 221]
[28, 172]
[71, 40]
[39, 103]
[78, 43]
[25, 50]
[119, 156]
[32, 59]
[74, 47]
[32, 60]
[12, 81]
[29, 127]
[32, 128]
[27, 52]
[31, 99]
[52, 38]
[12, 84]
[66, 15]
[38, 40]
[123, 21]
[86, 38]
[38, 66]
[26, 130]
[3, 135]
[61, 78]
[92, 32]
[27, 153]
[25, 182]
[0, 127]
[16, 58]
[86, 31]
[59, 44]
[15, 4]
[120, 154]
[29, 117]
[1, 204]
[5, 129]
[26, 217]
[27, 149]
[2, 210]
[29, 93]
[121, 154]
[31, 47]
[5, 209]
[18, 128]
[1, 65]
[12, 91]
[26, 160]
[41, 61]
[44, 56]
[30, 53]
[22, 46]
[26, 205]
[4, 210]
[7, 78]
[21, 205]
[59, 47]
[4, 48]
[120, 153]
[139, 23]
[34, 47]
[121, 154]
[40, 172]
[28, 119]
[34, 88]
[13, 105]
[20, 227]
[13, 52]
[65, 35]
[102, 21]
[25, 126]
[47, 34]
[29, 144]
[34, 100]
[87, 16]
[29, 79]
[38, 143]
[92, 30]
[0, 112]
[120, 155]
[122, 154]
[120, 154]
[30, 134]
[15, 97]
[40, 37]
[92, 35]
[42, 30]
[48, 40]
[26, 213]
[47, 29]
[7, 91]
[68, 15]
[120, 154]
[90, 41]
[9, 69]
[60, 42]
[6, 91]
[13, 58]
[30, 73]
[26, 162]
[36, 57]
[37, 110]
[117, 22]
[100, 23]
[21, 160]
[30, 60]
[49, 139]
[44, 101]
[29, 43]
[80, 22]
[35, 78]
[28, 149]
[83, 40]
[15, 28]
[120, 156]
[28, 147]
[106, 28]
[31, 52]
[24, 158]
[28, 208]
[9, 47]
[20, 119]
[16, 51]
[16, 49]
[91, 33]
[21, 99]
[61, 58]
[119, 26]
[28, 84]
[24, 194]
[39, 56]
[39, 62]
[122, 156]
[64, 60]
[13, 112]
[2, 73]
[50, 108]
[104, 24]
[118, 25]
[32, 97]
[24, 223]
[133, 24]
[26, 158]
[0, 103]
[16, 51]
[120, 23]
[28, 192]
[18, 74]
[20, 53]
[26, 94]
[120, 156]
[120, 151]
[31, 58]
[27, 147]
[13, 125]
[95, 20]
[40, 11]
[26, 193]
[25, 132]
[26, 123]
[64, 17]
[41, 93]
[15, 124]
[120, 156]
[24, 219]
[20, 206]
[121, 154]
[121, 155]
[30, 157]
[91, 22]
[14, 124]
[120, 153]
[44, 170]
[52, 50]
[120, 156]
[119, 155]
[42, 68]
[44, 41]
[42, 126]
[41, 189]
[71, 12]
[40, 80]
[15, 208]
[73, 26]
[14, 86]
[26, 181]
[0, 75]
[26, 134]
[35, 60]
[57, 180]
[24, 226]
[28, 148]
[26, 135]
[11, 111]
[102, 19]
[65, 132]
[31, 130]
[27, 101]
[119, 156]
[16, 81]
[21, 211]
[35, 62]
[31, 103]
[11, 115]
[38, 138]
[36, 50]
[27, 112]
[46, 34]
[29, 219]
[119, 21]
[17, 94]
[94, 33]
[56, 14]
[43, 70]
[1, 105]
[29, 78]
[115, 19]
[121, 155]
[54, 63]
[34, 55]
[28, 116]
[23, 203]
[28, 143]
[105, 23]
[27, 107]
[31, 82]
[120, 153]
[43, 93]
[48, 91]
[60, 31]
[31, 226]
[10, 208]
[73, 56]
[4, 213]
[66, 42]
[27, 102]
[24, 209]
[59, 76]
[42, 151]
[36, 130]
[28, 119]
[40, 108]
[2, 207]
[29, 124]
[121, 154]
[17, 49]
[1, 77]
[24, 69]
[27, 118]
[130, 20]
[23, 198]
[119, 155]
[29, 123]
[9, 72]
[4, 114]
[23, 207]
[81, 25]
[59, 38]
[59, 69]
[0, 55]
[108, 18]
[3, 63]
[26, 81]
[27, 148]
[14, 106]
[27, 87]
[92, 18]
[27, 140]
[44, 50]
[31, 55]
[24, 223]
[0, 205]
[44, 70]
[51, 37]
[60, 30]
[42, 36]
[16, 62]
[14, 207]
[25, 125]
[30, 79]
[7, 107]
[28, 122]
[37, 175]
[3, 83]
[45, 153]
[38, 106]
[40, 50]
[53, 68]
[121, 156]
[6, 220]
[26, 116]
[120, 156]
[119, 155]
[27, 124]
[43, 31]
[16, 69]
[120, 21]
[40, 148]
[121, 156]
[33, 52]
[67, 41]
[56, 80]
[75, 40]
[1, 202]
[65, 49]
[123, 154]
[30, 109]
[73, 34]
[40, 41]
[18, 40]
[60, 29]
[23, 212]
[24, 210]
[82, 17]
[31, 119]
[83, 40]
[106, 23]
[110, 22]
[43, 35]
[45, 90]
[40, 42]
[15, 135]
[105, 21]
[50, 60]
[20, 110]
[42, 80]
[26, 161]
[23, 193]
[28, 100]
[7, 222]
[46, 63]
[121, 154]
[128, 23]
[6, 223]
[40, 51]
[55, 64]
[24, 215]
[31, 61]
[4, 101]
[29, 118]
[84, 16]
[29, 67]
[30, 123]
[27, 68]
[25, 208]
[31, 41]
[61, 87]
[43, 144]
[56, 71]
[12, 87]
[31, 62]
[95, 44]
[87, 39]
[14, 4]
[47, 50]
[29, 149]
[27, 164]
[30, 86]
[41, 109]
[35, 174]
[109, 22]
[17, 69]
[120, 155]
[121, 156]
[41, 34]
[59, 33]
[42, 49]
[95, 20]
[74, 47]
[50, 41]
[26, 206]
[39, 65]
[16, 113]
[0, 127]
[38, 155]
[50, 40]
[56, 36]
[34, 69]
[27, 133]
[26, 213]
[23, 215]
[27, 148]
[41, 57]
[88, 29]
[85, 30]
[32, 113]
[7, 125]
[13, 138]
[28, 75]
[29, 83]
[119, 157]
[28, 145]
[92, 20]
[27, 140]
[28, 181]
[26, 209]
[125, 24]
[30, 109]
[15, 95]
[2, 73]
[40, 220]
[30, 125]
[38, 98]
[25, 193]
[45, 42]
[42, 58]
[125, 22]
[26, 132]
[59, 30]
[29, 57]
[55, 107]
[88, 22]
[19, 122]
[131, 23]
[30, 126]
[60, 87]
[120, 18]
[44, 61]
[26, 171]
[29, 71]
[32, 41]
[47, 79]
[2, 118]
[25, 206]
[28, 76]
[43, 75]
[35, 86]
[31, 75]
[45, 41]
[120, 153]
[30, 77]
[22, 88]
[27, 104]
[28, 97]
[30, 69]
[0, 220]
[2, 59]
[19, 93]
[29, 32]
[55, 40]
[58, 45]
[21, 196]
[21, 217]
[111, 24]
[27, 147]
[25, 223]
[27, 156]
[96, 23]
[28, 118]
[58, 13]
[25, 173]
[91, 21]
[24, 195]
[39, 69]
[30, 42]
[29, 110]
[26, 149]
[25, 164]
[93, 20]
[43, 39]
[65, 19]
[44, 36]
[39, 43]
[71, 16]
[27, 194]
[0, 6]
[37, 25]
[24, 149]
[96, 21]
[24, 188]
[0, 203]
[121, 154]
[25, 128]
[2, 221]
[27, 147]
[22, 177]
[30, 57]
[32, 105]
[58, 28]
[11, 27]
[43, 81]
[85, 33]
[120, 153]
[24, 178]
[31, 116]
[75, 46]
[31, 29]
[29, 61]
[3, 220]
[120, 154]
[11, 23]
[59, 30]
[36, 17]
[28, 80]
[28, 104]
[9, 50]
[34, 45]
[24, 183]
[30, 75]
[24, 178]
[53, 29]
[24, 195]
[71, 19]
[27, 193]
[12, 166]
[25, 156]
[30, 33]
[20, 48]
[25, 195]
[10, 207]
[111, 21]
[27, 183]
[29, 92]
[41, 16]
[29, 137]
[120, 154]
[5, 53]
[3, 217]
[121, 153]
[25, 150]
[31, 50]
[28, 105]
[27, 108]
[29, 65]
[9, 91]
[95, 19]
[110, 22]
[32, 52]
[39, 13]
[54, 11]
[24, 132]
[17, 32]
[10, 137]
[26, 192]
[90, 20]
[40, 24]
[12, 59]
[91, 22]
[91, 19]
[70, 33]
[25, 179]
[25, 158]
[11, 45]
[7, 21]
[121, 154]
[11, 4]
[61, 17]
[73, 19]
[26, 190]
[7, 214]
[31, 95]
[28, 74]
[57, 13]
[12, 43]
[28, 194]
[52, 10]
[27, 137]
[26, 161]
[70, 19]
[15, 131]
[18, 65]
[24, 179]
[12, 56]
[120, 154]
[54, 29]
[16, 55]
[7, 115]
[27, 152]
[29, 64]
[26, 147]
[30, 79]
[30, 74]
[23, 216]
[29, 53]
[17, 52]
[38, 47]
[26, 180]
[24, 149]
[30, 39]
[1, 56]
[5, 104]
[25, 213]
[1, 219]
[23, 169]
[25, 189]
[7, 183]
[29, 76]
[43, 12]
[27, 174]
[68, 20]
[92, 19]
[7, 129]
[92, 18]
[40, 43]
[25, 193]
[3, 104]
[27, 94]
[39, 54]
[24, 196]
[24, 174]
[12, 62]
[56, 24]
[21, 145]
[44, 42]
[31, 49]
[5, 102]
[15, 67]
[25, 144]
[25, 45]
[35, 53]
[42, 56]
[25, 170]
[27, 125]
[28, 14]
[25, 20]
[24, 227]
[29, 41]
[26, 185]
[24, 191]
[8, 64]
[71, 16]
[120, 154]
[86, 19]
[33, 31]
[27, 175]
[27, 177]
[3, 26]
[23, 190]
[27, 44]
[120, 154]
[121, 155]
[41, 48]
[16, 133]
[89, 19]
[29, 151]
[27, 161]
[8, 136]
[127, 23]
[93, 20]
[120, 154]
[20, 227]
[30, 101]
[4, 91]
[24, 158]
[4, 44]
[121, 155]
[59, 14]
[32, 53]
[18, 23]
[37, 53]
[22, 151]
[45, 79]
[31, 34]
[50, 18]
[18, 69]
[105, 23]
[32, 114]
[18, 147]
[67, 32]
[43, 49]
[7, 27]
[120, 155]
[18, 147]
[79, 23]
[24, 195]
[16, 40]
[8, 44]
[16, 27]
[26, 150]
[30, 35]
[30, 67]
[121, 154]
[3, 103]
[45, 32]
[19, 93]
[41, 32]
[3, 47]
[43, 31]
[21, 124]
[25, 157]
[28, 115]
[11, 100]
[1, 97]
[65, 21]
[37, 14]
[3, 59]
[26, 164]
[94, 24]
[28, 96]
[27, 49]
[24, 183]
[77, 30]
[25, 124]
[27, 157]
[17, 35]
[13, 134]
[120, 154]
[45, 45]
[120, 155]
[27, 17]
[28, 121]
[26, 210]
[36, 30]
[28, 66]
[26, 12]
[88, 18]
[93, 18]
[30, 13]
[14, 55]
[27, 67]
[19, 48]
[29, 74]
[1, 42]
[16, 75]
[36, 32]
[33, 58]
[28, 149]
[121, 155]
[33, 47]
[3, 111]
[46, 17]
[120, 154]
[61, 25]
[20, 31]
[2, 82]
[34, 27]
[29, 46]
[57, 29]
[24, 193]
[82, 18]
[10, 76]
[85, 21]
[83, 18]
[60, 19]
[33, 139]
[34, 29]
[29, 67]
[31, 42]
[17, 14]
[53, 19]
[28, 148]
[117, 25]
[120, 154]
[26, 147]
[26, 154]
[94, 28]
[21, 184]
[40, 97]
[122, 21]
[28, 43]
[81, 20]
[42, 24]
[29, 104]
[104, 20]
[16, 61]
[19, 97]
[34, 47]
[26, 49]
[27, 189]
[67, 21]
[29, 112]
[41, 35]
[44, 39]
[30, 16]
[125, 21]
[48, 39]
[21, 195]
[26, 177]
[25, 178]
[34, 21]
[24, 196]
[6, 80]
[43, 32]
[25, 194]
[26, 189]
[44, 15]
[7, 212]
[32, 24]
[25, 146]
[28, 51]
[22, 209]
[23, 226]
[25, 192]
[29, 67]
[14, 71]
[20, 191]
[28, 149]
[7, 12]
[25, 160]
[29, 36]
[30, 68]
[38, 31]
[30, 117]
[31, 76]
[39, 54]
[13, 18]
[34, 38]
[16, 26]
[12, 217]
[26, 108]
[26, 164]
[104, 21]
[55, 34]
[22, 196]
[83, 31]
[18, 14]
[121, 154]
[29, 31]
[25, 146]
[7, 207]
[19, 157]
[2, 98]
[23, 147]
[24, 182]
[25, 147]
[25, 194]
[2, 22]
[86, 18]
[64, 34]
[28, 158]
[26, 174]
[17, 128]
[67, 21]
[28, 142]
[26, 147]
[4, 57]
[52, 29]
[46, 12]
[21, 222]
[29, 45]
[44, 25]
[58, 18]
[24, 130]
[17, 213]
[27, 186]
[7, 146]
[22, 195]
[25, 217]
[29, 97]
[121, 154]
[7, 18]
[47, 27]
[39, 14]
[30, 37]
[35, 67]
[4, 128]
[56, 14]
[25, 147]
[27, 44]
[28, 45]
[35, 90]
[40, 65]
[24, 179]
[41, 82]
[5, 130]
[9, 11]
[45, 17]
[94, 21]
[98, 26]
[24, 167]
[32, 38]
[1, 37]
[120, 154]
[63, 16]
[26, 128]
[20, 41]
[26, 140]
[75, 33]
[3, 29]
[120, 155]
[27, 160]
[76, 16]
[11, 61]
[16, 69]
[29, 31]
[27, 109]
[25, 193]
[115, 22]
[29, 88]
[29, 48]
[29, 109]
[3, 11]
[40, 30]
[24, 148]
[31, 83]
[23, 209]
[0, 32]
[33, 32]
[17, 209]
[33, 35]
[15, 161]
[17, 225]
[23, 149]
[118, 22]
[26, 137]
[25, 148]
[28, 140]
[29, 147]
[3, 32]
[17, 78]
[3, 12]
[38, 46]
[53, 28]
[26, 226]
[27, 51]
[23, 161]
[21, 204]
[119, 154]
[26, 151]
[5, 25]
[119, 22]
[39, 42]
[10, 31]
[31, 87]
[27, 165]
[47, 43]
[47, 30]
[28, 160]
[6, 26]
[27, 161]
[85, 22]
[11, 38]
[30, 80]
[25, 146]
[109, 22]
[23, 13]
[4, 20]
[19, 227]
[26, 132]
[27, 24]
[13, 85]
[65, 19]
[119, 154]
[12, 149]
[32, 46]
[119, 154]
[8, 147]
[48, 17]
[34, 62]
[21, 196]
[26, 194]
[25, 151]
[25, 149]
[33, 74]
[13, 62]
[7, 140]
[32, 156]
[22, 62]
[31, 29]
[33, 61]
[29, 56]
[60, 31]
[29, 115]
[6, 208]
[40, 37]
[32, 42]
[1, 13]
[27, 58]
[34, 47]
[27, 164]
[27, 135]
[2, 67]
[22, 75]
[33, 38]
[19, 221]
[20, 40]
[33, 26]
[2, 35]
[26, 113]
[46, 12]
[25, 195]
[25, 158]
[46, 12]
[30, 56]
[23, 147]
[25, 152]
[25, 24]
[17, 147]
[120, 154]
[56, 31]
[27, 116]
[27, 113]
[110, 21]
[26, 79]
[46, 27]
[26, 167]
[17, 91]
[28, 12]
[120, 156]
[25, 193]
[17, 147]
[24, 183]
[73, 16]
[33, 14]
[16, 39]
[28, 63]
[44, 26]
[26, 226]
[27, 185]
[26, 191]
[120, 155]
[24, 218]
[120, 154]
[32, 27]
[31, 36]
[30, 105]
[83, 19]
[24, 183]
[11, 96]
[39, 29]
[27, 148]
[119, 155]
[24, 180]
[22, 178]
[5, 78]
[13, 29]
[28, 41]
[27, 119]
[32, 78]
[28, 60]
[27, 33]
[0, 219]
[23, 170]
[7, 34]
[33, 53]
[56, 13]
[33, 53]
[90, 20]
[27, 136]
[67, 16]
[25, 149]
[14, 32]
[31, 115]
[33, 68]
[90, 21]
[50, 32]
[40, 72]
[91, 23]
[13, 19]
[28, 25]
[120, 153]
[23, 198]
[25, 169]
[14, 28]
[134, 26]
[77, 22]
[26, 168]
[68, 30]
[59, 42]
[28, 48]
[29, 67]
[17, 14]
[28, 114]
[120, 155]
[40, 113]
[6, 4]
[31, 27]
[22, 170]
[27, 122]
[16, 73]
[2, 83]
[58, 33]
[31, 98]
[28, 155]
[54, 18]
[25, 162]
[44, 9]
[25, 175]
[70, 24]
[35, 31]
[51, 38]
[30, 115]
[23, 195]
[25, 182]
[10, 194]
[25, 167]
[29, 133]
[71, 22]
[23, 179]
[32, 40]
[27, 158]
[0, 54]
[27, 112]
[13, 42]
[32, 49]
[27, 68]
[33, 34]
[23, 149]
[43, 18]
[5, 150]
[26, 163]
[26, 167]
[26, 113]
[24, 192]
[26, 184]
[13, 24]
[19, 38]
[30, 93]
[18, 205]
[2, 39]
[30, 15]
[35, 33]
[13, 172]
[116, 21]
[31, 31]
[36, 57]
[27, 106]
[22, 13]
[25, 168]
[27, 53]
[10, 11]
[14, 133]
[48, 14]
[28, 87]
[7, 138]
[55, 20]
[25, 28]
[21, 173]
[44, 37]
[15, 160]
[26, 148]
[15, 71]
[96, 20]
[24, 159]
[15, 147]
[80, 18]
[26, 124]
[28, 78]
[28, 150]
[26, 172]
[25, 186]
[26, 109]
[6, 138]
[27, 158]
[2, 122]
[24, 161]
[28, 77]
[31, 69]
[15, 8]
[30, 31]
[7, 220]
[25, 146]
[34, 41]
[33, 30]
[13, 136]
[22, 166]
[6, 86]
[25, 190]
[23, 193]
[27, 148]
[19, 28]
[26, 148]
[68, 15]
[78, 19]
[10, 27]
[88, 17]
[12, 215]
[30, 77]
[30, 44]
[12, 89]
[23, 192]
[59, 20]
[32, 49]
[24, 150]
[52, 14]
[25, 187]
[26, 163]
[27, 45]
[98, 20]
[84, 19]
[41, 29]
[28, 98]
[41, 33]
[24, 137]
[31, 56]
[5, 28]
[25, 190]
[3, 13]
[30, 77]
[11, 118]
[7, 43]
[3, 227]
[47, 14]
[25, 164]
[13, 69]
[27, 194]
[43, 25]
[5, 135]
[24, 172]
[26, 110]
[92, 17]
[120, 156]
[1, 41]
[24, 158]
[92, 20]
[37, 68]
[16, 156]
[25, 192]
[8, 28]
[30, 78]
[23, 195]
[39, 40]
[1, 105]
[97, 17]
[20, 156]
[13, 146]
[30, 39]
[33, 12]
[29, 149]
[83, 18]
[13, 62]
[10, 62]
[16, 111]
[28, 43]
[28, 148]
[41, 35]
[24, 180]
[24, 161]
[24, 151]
[8, 49]
[6, 83]
[40, 46]
[62, 21]
[31, 47]
[47, 17]
[26, 184]
[99, 19]
[28, 79]
[88, 18]
[24, 147]
[21, 211]
[14, 97]
[24, 150]
[26, 165]
[28, 68]
[6, 30]
[25, 144]
[7, 80]
[21, 108]
[120, 156]
[26, 179]
[28, 81]
[68, 17]
[17, 157]
[24, 174]
[23, 214]
[26, 146]
[6, 130]
[28, 96]
[31, 66]
[35, 58]
[32, 43]
[44, 58]
[39, 83]
[29, 103]
[8, 217]
[27, 156]
[24, 149]
[28, 130]
[123, 22]
[37, 31]
[30, 115]
[25, 163]
[55, 19]
[87, 21]
[52, 14]
[26, 160]
[119, 156]
[26, 122]
[11, 55]
[29, 70]
[29, 77]
[0, 113]
[129, 25]
[98, 20]
[29, 158]
[121, 156]
[25, 196]
[51, 14]
[24, 146]
[12, 188]
[12, 146]
[18, 26]
[32, 47]
[27, 128]
[3, 64]
[32, 35]
[24, 175]
[46, 42]
[28, 126]
[31, 135]
[24, 190]
[17, 37]
[10, 125]
[53, 30]
[9, 146]
[29, 60]
[34, 30]
[46, 31]
[48, 16]
[46, 28]
[23, 183]
[75, 21]
[20, 185]
[27, 162]
[25, 179]
[25, 179]
[94, 18]
[28, 99]
[25, 170]
[106, 21]
[12, 80]
[23, 181]
[13, 35]
[5, 145]
[119, 156]
[33, 32]
[25, 181]
[26, 177]
[24, 169]
[54, 18]
[28, 116]
[26, 176]
[66, 30]
[26, 119]
[25, 161]
[73, 18]
[18, 66]
[23, 193]
[2, 202]
[31, 58]
[31, 14]
[25, 165]
[26, 146]
[10, 78]
[121, 156]
[12, 14]
[28, 112]
[25, 64]
[26, 65]
[36, 17]
[23, 12]
[26, 150]
[1, 213]
[26, 170]
[25, 166]
[120, 21]
[47, 30]
[108, 23]
[58, 30]
[23, 178]
[11, 157]
[30, 43]
[3, 28]
[26, 169]
[27, 164]
[41, 15]
[28, 80]
[34, 76]
[13, 63]
[27, 174]
[26, 149]
[121, 154]
[27, 148]
[75, 15]
[76, 16]
[27, 98]
[25, 160]
[28, 222]
[30, 57]
[65, 24]
[64, 15]
[11, 9]
[77, 17]
[54, 31]
[23, 182]
[28, 85]
[36, 32]
[4, 92]
[27, 65]
[95, 17]
[26, 95]
[28, 50]
[25, 71]
[56, 16]
[14, 135]
[31, 45]
[24, 222]
[109, 21]
[26, 151]
[123, 22]
[38, 31]
[27, 160]
[16, 166]
[23, 157]
[33, 14]
[120, 154]
[30, 44]
[28, 124]
[25, 148]
[30, 17]
[26, 101]
[59, 15]
[14, 109]
[68, 14]
[28, 158]
[0, 15]
[27, 40]
[0, 108]
[28, 90]
[29, 78]
[26, 161]
[17, 5]
[31, 47]
[32, 125]
[34, 21]
[25, 148]
[23, 153]
[75, 18]
[25, 14]
[27, 174]
[24, 149]
[26, 180]
[116, 20]
[32, 30]
[56, 39]
[25, 168]
[27, 166]
[6, 134]
[26, 180]
[8, 29]
[65, 41]
[31, 101]
[30, 61]
[26, 147]
[67, 14]
[26, 192]
[12, 12]
[122, 154]
[13, 41]
[30, 48]
[38, 56]
[46, 14]
[79, 22]
[30, 69]
[23, 137]
[42, 43]
[4, 30]
[26, 166]
[121, 154]
[47, 21]
[25, 225]
[26, 166]
[20, 21]
[32, 29]
[26, 158]
[19, 149]
[31, 82]
[30, 116]
[42, 56]
[22, 208]
[32, 108]
[25, 178]
[29, 42]
[0, 207]
[103, 19]
[28, 77]
[82, 31]
[25, 73]
[26, 148]
[121, 156]
[20, 55]
[28, 149]
[2, 112]
[45, 15]
[18, 58]
[54, 17]
[24, 167]
[25, 169]
[80, 24]
[14, 57]
[54, 13]
[69, 38]
[45, 15]
[31, 33]
[37, 80]
[145, 25]
[25, 171]
[26, 148]
[116, 22]
[28, 122]
[6, 136]
[32, 33]
[20, 119]
[30, 43]
[30, 119]
[3, 66]
[24, 215]
[27, 156]
[122, 152]
[120, 153]
[28, 105]
[39, 84]
[27, 58]
[24, 151]
[59, 32]
[22, 222]
[9, 90]
[105, 23]
[22, 220]
[4, 37]
[25, 159]
[28, 119]
[30, 96]
[23, 223]
[17, 10]
[28, 111]
[27, 158]
[23, 215]
[28, 118]
[0, 122]
[106, 18]
[30, 118]
[19, 68]
[120, 157]
[48, 193]
[95, 20]
[26, 120]
[28, 150]
[26, 105]
[27, 111]
[27, 157]
[6, 65]
[84, 26]
[25, 182]
[108, 22]
[83, 24]
[29, 41]
[28, 72]
[6, 171]
[42, 23]
[25, 164]
[25, 155]
[29, 123]
[2, 77]
[0, 51]
[26, 169]
[24, 178]
[19, 211]
[77, 18]
[26, 178]
[25, 183]
[128, 24]
[65, 18]
[109, 21]
[38, 48]
[24, 156]
[24, 159]
[27, 148]
[106, 21]
[85, 20]
[25, 148]
[25, 185]
[28, 80]
[22, 227]
[19, 217]
[30, 105]
[28, 73]
[20, 212]
[31, 121]
[31, 53]
[32, 32]
[37, 60]
[24, 177]
[120, 154]
[11, 45]
[12, 47]
[24, 151]
[30, 16]
[17, 227]
[6, 40]
[16, 77]
[29, 46]
[64, 19]
[30, 90]
[6, 50]
[24, 148]
[28, 173]
[27, 62]
[59, 33]
[30, 114]
[24, 189]
[26, 176]
[106, 27]
[52, 31]
[25, 118]
[29, 47]
[25, 223]
[120, 155]
[31, 34]
[45, 52]
[25, 180]
[36, 62]
[85, 19]
[100, 23]
[66, 27]
[72, 21]
[30, 36]
[29, 21]
[28, 64]
[29, 54]
[4, 201]
[120, 155]
[22, 187]
[24, 187]
[30, 69]
[131, 22]
[64, 30]
[25, 51]
[25, 181]
[29, 35]
[29, 40]
[17, 222]
[121, 155]
[22, 127]
[61, 34]
[67, 17]
[109, 20]
[29, 54]
[113, 22]
[3, 45]
[22, 14]
[68, 15]
[19, 13]
[138, 26]
[77, 16]
[23, 166]
[23, 168]
[17, 38]
[30, 117]
[25, 162]
[44, 28]
[45, 32]
[99, 21]
[24, 147]
[0, 226]
[26, 148]
[120, 155]
[26, 135]
[27, 147]
[15, 89]
[25, 148]
[26, 130]
[32, 45]
[14, 71]
[25, 208]
[1, 210]
[26, 147]
[39, 70]
[39, 39]
[43, 34]
[32, 38]
[28, 110]
[25, 171]
[31, 83]
[49, 17]
[27, 148]
[27, 83]
[25, 147]
[9, 209]
[20, 32]
[29, 98]
[32, 28]
[31, 43]
[27, 94]
[26, 166]
[9, 29]
[29, 97]
[28, 115]
[27, 162]
[28, 85]
[44, 15]
[60, 17]
[30, 66]
[6, 170]
[19, 158]
[16, 35]
[5, 2]
[27, 101]
[30, 109]
[111, 24]
[31, 48]
[23, 156]
[24, 161]
[43, 70]
[30, 68]
[126, 24]
[120, 156]
[25, 183]
[22, 191]
[32, 31]
[24, 166]
[43, 33]
[24, 147]
[25, 192]
[29, 71]
[55, 18]
[64, 30]
[25, 167]
[8, 40]
[25, 182]
[60, 14]
[26, 39]
[25, 161]
[14, 13]
[26, 192]
[28, 36]
[17, 20]
[22, 188]
[43, 35]
[29, 51]
[29, 39]
[24, 192]
[24, 117]
[25, 13]
[23, 176]
[0, 227]
[23, 190]
[25, 166]
[16, 195]
[21, 189]
[26, 57]
[23, 194]
[30, 16]
[26, 176]
[65, 20]
[25, 189]
[56, 16]
[24, 165]
[28, 17]
[24, 189]
[0, 48]
[30, 29]
[31, 117]
[37, 14]
[1, 15]
[28, 148]
[75, 18]
[29, 63]
[23, 170]
[26, 160]
[24, 159]
[61, 13]
[25, 158]
[100, 23]
[31, 18]
[8, 14]
[19, 29]
[24, 193]
[25, 161]
[6, 195]
[30, 47]
[29, 30]
[47, 33]
[26, 28]
[40, 35]
[21, 147]
[34, 57]
[27, 184]
[23, 194]
[69, 20]
[98, 19]
[43, 18]
[26, 163]
[28, 103]
[73, 21]
[6, 29]
[24, 20]
[8, 13]
[11, 14]
[18, 30]
[72, 20]
[15, 47]
[43, 15]
[17, 94]
[29, 35]
[35, 40]
[44, 26]
[33, 31]
[96, 23]
[33, 36]
[11, 14]
[25, 160]
[25, 164]
[12, 11]
[26, 173]
[7, 13]
[78, 21]
[19, 163]
[54, 16]
[7, 163]
[23, 180]
[25, 159]
[27, 94]
[29, 38]
[40, 16]
[26, 149]
[17, 12]
[43, 16]
[107, 22]
[1, 26]
[24, 188]
[12, 205]
[74, 22]
[25, 150]
[67, 56]
[3, 42]
[25, 218]
[15, 205]
[51, 132]
[25, 59]
[31, 91]
[29, 39]
[120, 154]
[7, 160]
